15.983897 39.849016
15.9973742 39.8765321
15.9968879 39.877182
15.9940482356022 39.8774177740613
15.9889921 39.8825695
15.9891021 39.8826738
15.9888974 39.8827078
15.990139 39.883347
15.987902 39.883893
15.98724 39.884437
15.987203 39.88444
15.987147 39.884585
15.9892463 39.8846465
15.987088 39.8847669
15.987093 39.88477
15.9891795 39.8852233
15.987101 39.885266
15.987117 39.885408
15.987222 39.885497
15.987273 39.885588
15.987307 39.885663
15.986348 39.885745
15.986375 39.885767
15.9879967 39.8858286
15.986825 39.885888
15.987053 39.885903
15.987648 39.885917
15.986902 39.8859319
15.987038 39.886028
15.98625 39.886153
15.986737 39.886153
15.986468 39.886157
15.986997 39.886172
15.987082 39.88618
15.986845 39.886238
15.986683 39.886302
15.987047 39.886337
15.986518 39.8863429
15.986188 39.88636
15.98708 39.886367
15.986075 39.886375
15.987078 39.886375
15.98773 39.886703
15.98697 39.886708
15.987673 39.886713
15.987783 39.886763
15.9873676 39.8868959
15.987848 39.88692
15.987908 39.887045
15.987202 39.887112
15.986658 39.8872519
15.986808 39.8872519
15.986647 39.887262
15.986652 39.887273
15.987215 39.887315
15.987557 39.887315
15.987657 39.8873419
15.987672 39.8873419
15.987015 39.8873589
15.985837 39.887368
15.985312 39.88737
15.985233 39.887378
15.985237 39.887383
15.9885196 39.8873844
15.98575 39.887388
15.985303 39.887392
15.986575 39.887402
15.987158 39.887423
15.986698 39.887498
15.986885 39.887555
15.985727 39.887567
15.986723 39.8876
15.98672 39.88763
15.9882525 39.8876576
15.985346 39.887668
15.984872 39.887802
15.987059 39.887808
15.987605 39.88782
15.984745 39.887823
15.987242 39.88784
15.98593 39.887878
15.985623 39.887937
15.987505 39.8879499
15.987283 39.887955
15.986947 39.887958
15.9874803 39.8879851
15.986963 39.888013
15.987374 39.8880136
15.986868 39.888018
15.987412 39.888052
15.987697 39.888058
15.988247 39.888098
15.988235 39.8881
15.98631 39.888108
15.987013 39.888113
15.987532 39.8881159
15.988037 39.888132
15.986945 39.888162
15.985955 39.88818
15.988183 39.888203
15.987128 39.888228
15.987485 39.888243
15.986267 39.888293
15.986037 39.888306
15.985027 39.888317
15.986283 39.888322
15.985039 39.888334
15.986332 39.888363
15.985912 39.888395
15.987648 39.8884029
15.987673 39.888408
15.985027 39.888419
15.985027 39.888422
15.987923 39.888423
15.987472 39.888432
15.988222 39.88844
15.987688 39.888443
15.9868661 39.8884445
15.9868 39.888452
15.9868703 39.8884729
15.986846 39.888478
15.985021 39.88848
15.985947 39.888648
15.98498 39.888668
15.987291 39.888709
15.987624 39.888712
15.985047 39.88872
15.986192 39.888737
15.986232 39.888745
15.985124 39.888754
15.985835 39.888813
15.987697 39.888823
15.987678 39.888837
15.987535 39.888839
15.987118 39.888885
15.987767 39.888951
15.985005 39.888962
15.986165 39.8889629
15.984993 39.888968
15.98799 39.888972
15.987 39.888992
15.989485 39.888998
15.989532 39.889017
15.987439 39.889034
15.988027 39.889035
15.988892 39.889048
15.985705 39.8890529
15.985597 39.889068
15.986965 39.889087
15.985572 39.889092
15.985953 39.8891
15.987827 39.889103
15.986945 39.889112
15.9855108 39.8891176
15.988173 39.889142
15.9854655 39.8891684
15.984842 39.88918
15.986898 39.889185
15.986825 39.889195
15.985267 39.889197
15.984933 39.889203
15.986788 39.88921
15.988127 39.889212
15.988045 39.88922
15.986833 39.889223
15.9869755 39.8892235
15.986835 39.889228
15.98794 39.889228
15.9848688 39.8893039
15.986867 39.889335
15.9869325 39.8893419
15.988069 39.889414
15.9877869 39.8894347
15.986922 39.889488
15.986917 39.889492
15.988952 39.889537
15.98796 39.889563
15.987963 39.8895698
15.9864068 39.8896543
15.986985 39.889697
15.9920844 39.8912682
15.9918844 39.8915754
15.991795 39.891848
15.9901077 39.8924296
15.993574 39.8954397
15.9934937 39.8954441
15.993499 39.8954454
15.9941711 39.8959331
15.9937681 39.8968678
15.9943691 39.8971991
15.9956765 39.9003491
15.9955932 39.9009922
16.0214606 39.9018848
15.9696072 39.9021875
15.9946637 39.9067566
15.9523487 39.9139589
15.9523981 39.9144277
15.9908796 39.9172638
16.03603 39.920401
15.9883219 39.9219459
16.0637985 39.9227429
16.0397872 39.9290086
16.0408008 39.9291223
15.9608935 39.9291765
15.9614442 39.9292825
16.040884 39.9293179
15.98801 39.929463
16.0595541 39.9298326
16.0593774 39.9298328
16.026144 39.929976
16.0626449 39.9310993
16.0582736 39.9317109
16.0555448509146 39.9320618470293
15.9997106 39.9326142
15.9594296294105 39.9332546250843
15.7569799 39.9367586
15.756989 39.936765
16.0718785 39.937431
15.7663367 39.9387026
15.804576 39.9395498
15.800783 39.93967
15.80114 39.939768
15.801073 39.9401889
15.8048149 39.9404046
15.8047871 39.9404207
15.8047813 39.9404238
15.8047642 39.940433
15.8047584 39.9404361
15.8047522 39.9404396
15.8047488 39.9404415
15.804827 39.940523
15.80225 39.94061
15.805365 39.94073
15.804765 39.940805
15.804737 39.94082
15.8053538 39.9408556
15.805428 39.940872
15.804567 39.940903
15.802379 39.940919
15.802369 39.9409289
15.8045814 39.9409754
15.804697 39.941012
15.80519 39.941017
15.8053274 39.9410599
15.804602 39.94106
15.805723 39.941068
15.8054 39.94107
15.8054316 39.9411168
15.805315 39.941127
15.805255 39.94113
15.805183 39.941163
15.805921 39.941175
15.80554 39.941207
15.805923 39.94123
15.804579 39.941294
15.8059719 39.9413067
16.122265 39.94133
15.8044843 39.9413402
15.802861 39.941343
15.803171 39.941387
15.803179 39.941388
15.804647 39.941393
15.805815 39.94142
15.805975 39.941445
15.804687 39.941457
15.804593 39.941567
15.804653 39.941573
15.805007 39.941588
15.806033 39.941603
15.805355 39.941607
15.805275 39.941615
15.804783 39.941647
15.804763 39.941657
15.804943 39.941678
15.804627 39.941715
15.805893 39.941728
15.806037 39.94174
15.8060684 39.9418415
15.8060514 39.9419526
15.805932 39.942047
15.804057 39.942102
15.803575 39.942107
15.805955 39.9421279
15.8037654 39.9421336
15.80358 39.942137
15.803992 39.94214
15.804336 39.942215
15.804358 39.942242
15.80435 39.942245
15.8037438 39.9422453
15.80624 39.94227
15.803693 39.942282
15.803678 39.942395
15.8063116 39.9424524
15.8096106 39.9424929
16.0475345 39.944068
16.047603 39.944109
16.0473803 39.9442554
16.0447662 39.9457643
16.0432781 39.9459643
16.0406481 39.94643
16.041963 39.946496
16.0406146 39.9465495
16.041648 39.946558
16.0405843 39.9466591
16.040393 39.947058
16.040253 39.9475
16.0421483 39.9475549
16.040219 39.947923
16.04014 39.94816
16.0404776 39.9485843
16.0398487 39.948726
16.039996 39.948807
16.0400804 39.9488133
16.040117 39.948838
16.039819 39.948895
16.040025 39.948923
15.9502532 39.9490588
16.039575 39.949121
16.03945 39.949952
16.0394114 39.949999
16.041113 39.95006
16.0412117 39.9500787
16.0412185 39.9500863
16.041205 39.950092
16.0409589 39.9503865
15.973362 39.950493
15.973373 39.950493
15.973408 39.950607
16.0394289 39.950627
15.973797 39.950672
15.9735124 39.9506739
15.974102 39.950712
16.03942 39.950772
16.039423 39.950775
15.9739251 39.9508448
15.973883 39.950847
15.973942 39.950888
15.973948 39.950888
15.973768 39.95089
15.9739274 39.9509106
16.039414 39.950912
15.973728 39.9509169
15.974063 39.950937
15.974927 39.950937
15.97489 39.95094
15.97406 39.950942
15.974018 39.9509619
15.974012 39.950975
15.9749019 39.9510105
15.973928 39.951025
15.97479 39.95103
15.974798 39.951043
15.974068 39.95107
15.9747 39.951077
15.974705 39.9510829
15.974643 39.951103
15.974612 39.951117
15.974255 39.951122
15.9742697 39.9511386
15.974185 39.951158
15.974483 39.951187
15.97463 39.951187
15.974902 39.951218
15.974318 39.951242
15.974313 39.951248
15.974897 39.95125
15.974858 39.951258
16.039298 39.9512799
16.039417 39.951286
15.97444 39.951332
16.039404 39.951335
15.97486 39.95143
15.9744704 39.9514319
15.974415 39.951487
15.9745287 39.9514893
15.974523 39.951498
16.0394 39.95153
15.9745991 39.951565
16.039276 39.9515699
15.974505 39.951605
15.974958 39.951607
15.974962 39.951625
15.9746679 39.9516313
16.039271 39.951633
15.974692 39.951637
15.974597 39.9516769
15.9751187 39.9517183
15.974737 39.951742
15.974733 39.951743
15.975043 39.9517669
15.974993 39.951768
15.974918 39.951788
15.974933 39.951792
15.974828 39.9518
16.039364 39.9518119
16.03925 39.95182
15.974923 39.95189
16.039366 39.951937
16.039437 39.9520089
16.039221 39.952158
16.03935 39.952213
15.975007 39.9522825
15.975025 39.9522887
15.975035 39.9522937
16.0393011 39.9522968
15.974975 39.9522977
15.974315 39.9523
15.97504 39.9523008
15.975005 39.9523027
16.039205 39.952356
15.974888 39.952387
15.974892 39.95239
15.975184 39.9524385
16.039204 39.952443
15.9748603 39.9524441
15.975289 39.9524589
15.975343 39.95248
15.975323 39.9524918
15.975377 39.952492
15.975337 39.9525018
15.974663 39.952533
15.97524 39.9525688
16.039242 39.952582
15.974735 39.95259
15.974799 39.952595
15.9749807 39.9526179
15.975101 39.9526308
15.9750665 39.9526358
15.975106 39.9526358
15.975343 39.9526488
16.039446 39.952673
15.97552 39.95268
15.975531 39.952694
15.974702 39.952712
16.038937 39.952739
16.038593 39.952805
15.9747767 39.9528107
15.974267 39.952813
16.041488 39.952818
15.9748217 39.9528217
15.9748367 39.9528297
16.0415499 39.9528423
15.9757936 39.952881
15.975428 39.9528837
16.039402 39.952894
16.0385991 39.9528987
16.042485 39.952903
15.97557 39.9529366
15.975573 39.9529536
16.038349 39.952958
15.975535 39.9529637
15.974267 39.952978
15.974302 39.952978
15.975487 39.9529797
15.975482 39.9529816
15.9747674 39.9529838
15.974315 39.952993
16.038469 39.953004
16.0382469 39.953032
15.9747474 39.9530851
15.975342 39.9530916
16.040826 39.953093
15.974639 39.9530938
15.975213 39.9531197
15.9746006 39.9531276
16.038287 39.953142
15.974255 39.953143
15.975127 39.953147
15.974118 39.95315
16.040898 39.95315
15.9746246 39.9531655
16.0400398 39.9531696
15.97486 39.9531848
16.040422 39.953212
16.040695 39.95324
16.0379429 39.953263
16.040345 39.953271
16.036932 39.953279
15.9748805 39.9532904
15.974445 39.953333
16.040274 39.953333
15.9746443 39.9533346
16.0383929 39.953356
16.0375468 39.953362
16.04012 39.953385
15.9743164 39.9533906
15.97419 39.953398
15.9745042 39.9534119
15.974205 39.953415
16.038391 39.953415
15.9748774 39.9534177
16.039915 39.953428
15.9745079 39.9534637
16.037476 39.9534639
15.9744258 39.9535003
16.040466 39.953504
16.039699 39.953519
16.039713 39.9535259
15.8336893 39.9535331
16.039599 39.953549
16.037419 39.953572
15.974098 39.9536019
15.97409 39.953612
15.975971 39.9536234
15.9741573 39.9536239
15.975945 39.9536294
16.040503 39.953635
16.038855 39.953653
15.9743941 39.9536774
16.040558 39.953693
15.9740504 39.9536932
15.9742683 39.9537168
16.0371419 39.9537179
16.038947 39.953731
15.9744559 39.9537573
15.9743866 39.9537591
15.9745342 39.9537715
15.973911 39.9538323
15.9738588 39.9538371
15.974361 39.9538566
15.9737299 39.9538875
15.9737278 39.9539044
16.04041 39.953922
16.03703 39.953929
15.9741813 39.9540075
15.9737142 39.954008
15.9743729 39.9540186
15.9741692 39.9540254
15.9736036 39.9540256
15.974307 39.9540458
15.9741238 39.9540531
15.9738916 39.9540763
15.9738272 39.954094
16.041163 39.954095
15.974225 39.954103
15.9746265 39.9541342
15.9761232 39.9541653
15.9736667 39.9541702
15.9738694 39.9541745
16.041728 39.954199
15.9761352 39.9542182
15.974258 39.954223
15.9749095 39.9542694
15.9738424 39.954271
16.0398986 39.954272
15.974788 39.95429
15.974473 39.954293
15.9739201 39.954301
16.036301 39.954309
15.9733809 39.9543247
15.9733739 39.9543267
16.040071 39.954331
16.040167 39.954347
15.9731267 39.954356
15.9761592 39.9543622
16.0401772 39.9543879
16.0362765 39.9543945
15.9730638 39.9544125
16.0360419 39.9544179
16.0418647 39.9544184
16.0418961 39.9544228
16.040128 39.954427
15.974015 39.954445
15.9739605 39.9544835
16.0404177 39.9544843
15.9743565 39.9544902
15.974443 39.954517
15.9739584 39.9545499
16.0406393 39.9545844
16.040132 39.954592
16.040067 39.954597
15.976187 39.954606
15.9752477 39.9546063
15.974385 39.954608
16.040587 39.954626
16.0405523 39.9546385
16.040465 39.954653
16.035544 39.954665
16.0411728 39.9546657
15.972759 39.9546713
16.041222 39.954682
15.974385 39.954712
15.9721697 39.9547129
15.9724965 39.9547252
16.041408 39.9547389
15.9730825 39.9547423
16.0412183 39.9547576
15.9724059 39.9547638
16.040178 39.954769
15.973972 39.9547816
15.973002 39.954784
15.9727072 39.9548178
15.9727032 39.9548247
15.9726972 39.9548297
16.0407377 39.9548616
16.040327 39.954881
16.040323 39.954896
16.035419 39.954907
16.035411 39.954917
15.9757365 39.9549278
16.035348 39.954943
15.974265 39.954948
15.972715 39.954958
15.9732008 39.9549701
15.974143 39.954987
15.9724227 39.955031
15.974825 39.955033
15.97425 39.955048
16.034015 39.955051
16.034017 39.955052
16.034002 39.955053
16.039865 39.955055
16.0351089 39.95506
16.039992 39.955065
15.973013 39.95507
16.0351221 39.9550712
16.0351089 39.955073
15.9741008 39.9550822
15.973313 39.9550911
15.974643 39.955102
15.976362 39.9551118
16.0408266 39.9551131
15.976367 39.9551138
15.976373 39.9551148
15.9745028 39.9551288
15.97412 39.95517
15.974605 39.955215
16.0401029 39.955234
16.0399679 39.955236
16.040928 39.955242
16.040813 39.955267
16.040496 39.955287
16.0409529 39.955292
16.040109 39.955293
15.9761751 39.9553244
16.0400693 39.9553322
16.033798 39.95534
15.972405 39.955397
16.0400585 39.9554205
15.976088 39.9554227
16.0398961 39.9554309
15.974857 39.955438
16.040323 39.955505
16.039544 39.955511
16.0398869 39.9555727
16.0398833 39.9555965
15.9744639 39.9556
15.9744639 39.9556003
16.040728 39.955604
16.0407487 39.9556062
16.039929 39.955607
16.0399369 39.955609
15.974598 39.9556169
15.974603 39.9556929
16.0401104 39.9557275
16.039711 39.955801
16.039712 39.955807
16.039653 39.9558419
16.040856 39.955877
15.9745238 39.9559183
16.040516 39.955924
15.9988712 39.9559293
16.0404539 39.9559704
16.040652 39.956005
16.040662 39.956013
16.039762 39.9560389
16.0404746 39.9561659
16.040506 39.956176
16.0404917 39.9561847
16.0405127 39.9561964
16.040855 39.956217
15.9744902 39.9562286
16.0407377 39.9562426
16.040734 39.956251
16.039647 39.956348
16.040088 39.956354
16.040047 39.956373
16.040382 39.956395
16.040158 39.956439
15.9749499 39.9564729
16.039845 39.956508
16.0319607 39.9566115
16.0347973 39.9567445
16.039837 39.956839
16.0315757 39.9568409
15.9724473 39.957069
15.976273 39.957711
16.0294277 39.958192
15.9749157 39.9582589
16.0024831 39.9584143
16.0291837 39.9584356
16.279329194866 39.9611412084104
16.005004 39.9615823
15.9838275 39.9629416
16.0249891 39.962998
15.9954044 39.9630127
15.8284554238295 39.9644762473278
16.0059518 39.9650649
15.9426734100319 39.9655992348832
15.9900045 39.9656823
15.998006 39.9669826
16.0222041 39.9681594
16.0221156 39.9681863
16.2508681 39.9685469
16.079539 39.9696386
16.080624 39.9705962
16.012655 39.970943
16.0833468 39.971753
16.089869 39.9720232
16.0898009 39.9720444
16.0897634 39.9720593
16.0896773 39.9720906
16.089574 39.9721231
16.0896279 39.9721566
16.089307 39.9722732
16.0890259 39.9722916
16.0865852 39.9723072
16.0890501 39.9723365
16.0886036 39.9723901
16.0887956 39.9723972
16.0888328 39.9724126
16.0880459 39.9724274
16.0887445 39.9724331
16.0883195 39.9724732
16.0881675 39.9724846
16.0880781 39.9724896
16.088015 39.9724931
16.0884016 39.972496
16.08414 39.972511
16.088159 39.972511
16.0878855 39.9725666
16.0849379 39.972579
16.0840877 39.9726053
16.084881 39.972659
16.0836932 39.9726665
16.0866348 39.9727146
16.0837623 39.9727181
16.0836474 39.972743
16.0837752 39.9727556
16.0850854 39.9727603
16.0848228 39.972773
16.083676 39.972774
16.0848141 39.972776
16.084518 39.9727956
16.085358 39.9727959
16.0853233 39.9728109
16.0840028 39.9728123
16.083705 39.9728196
16.0837073 39.9728237
16.0837077 39.9728242
16.0837083 39.9728251
16.0837106 39.972828
16.0837115 39.9728289
16.085305 39.9728558
16.0847687 39.9728793
16.0839055 39.9729256
16.0838202 39.9729364
16.0848562 39.972948
16.084514 39.9729483
16.0845145 39.9729513
16.0833176 39.9729844
16.0832978 39.9729883
16.0859446 39.9730085
16.0838354 39.9730137
16.08504 39.9730239
16.0852127 39.9730712
16.0833474 39.9730785
16.0845367 39.9730799
16.085446 39.9730946
16.0846662 39.973122
16.0848303 39.9731446
16.0853736 39.9731457
16.0854108 39.9731752
16.0856367 39.9731768
16.0854538 39.9731885
16.0853351 39.9732002
16.0850298 39.9732022
16.0857435 39.9732184
16.0855621 39.9732199
16.0857559 39.9732215
16.0857941 39.9732312
16.0852223 39.9732367
16.0858633 39.9732462
16.0873516 39.9732571
16.0859535 39.973265
16.0879135 39.9732893
16.0880487 39.9733885
16.0839752 39.9734029
16.083887 39.9734579
16.0838569 39.9734597
16.0880605 39.9734796
16.0840492 39.9735008
16.087313 39.973503
16.0836553 39.9735182
16.0885002 39.9735389
16.0847675 39.9735867
16.0839499 39.9735922
16.0838734 39.9735963
16.0839927 39.9735988
16.0838343 39.9736103
16.0839289 39.9736339
16.087939 39.973644
16.0854786 39.9736762
16.0839614 39.9737366
16.084169 39.973792
16.0857146 39.9737972
16.0846578 39.9738224
16.0857733 39.973897
16.0851384 39.9739153
16.0869886 39.9739241
16.0859466 39.9739429
16.0859606 39.9739472
16.0866641 39.9739644
16.0866644 39.9740793
16.1076684787877 39.9747632154944
16.0167037 39.9749494
16.300544 39.975007
16.300543 39.975014
16.299947 39.975261
16.2996139 39.97577
16.299463 39.976059
16.299571 39.9763019
16.29953 39.97634
16.29943 39.9763779
16.299415 39.976383
16.299404 39.976388
16.299119 39.976389
16.299333 39.976455
16.2995817 39.9765414
16.299453 39.976555
16.299359 39.976593
16.299423 39.976729
16.299427 39.976731
16.2984372 39.9767459
16.2990861 39.9767496
16.2990117 39.9767542
16.2991949 39.9767654
16.2991818 39.9767658
16.299219 39.976769
16.2989594 39.976771
16.299181 39.9768479
16.299362 39.976864
16.2987554 39.9768788
16.298322 39.976906
16.298371 39.976922
16.2986563 39.9769657
16.299007 39.977021
16.299156 39.977036
16.299168 39.977039
16.298188 39.977128
16.297463 39.9771969
16.2993457 39.9772151
16.2991271 39.9772384
16.2990454 39.9772464
16.2990238 39.977297
16.298651 39.977303
16.2989121 39.9773045
16.2988799 39.9773277
16.2972214 39.9774787
16.2980621 39.9774837
16.2980075 39.9775202
16.298922 39.977629
16.297539 39.977699
16.297195 39.977946
16.297437 39.977991
16.297458 39.978
16.297915 39.978004
16.298149 39.978008
16.297468 39.97802
16.298577 39.978037
16.298606 39.978059
16.298355 39.978081
16.298357 39.978085
16.298357 39.978096
16.297078 39.978118
16.297966 39.978128
16.298386 39.978129
16.297037 39.978167
16.297975 39.978176
16.297004 39.978217
16.298136 39.978266
16.297113 39.978277
16.296943 39.978319
16.296933 39.978323
16.298406 39.978342
16.296925 39.978382
16.29673 39.978412
16.296663 39.978426
16.298362 39.97844
16.297618 39.978475
16.2964958 39.9784776
16.297574 39.978483
16.2964759 39.978488
16.297615 39.978501
16.296962 39.978505
16.296452 39.978515
16.29805 39.9785169
16.296453 39.97853
16.298335 39.978536
16.297125 39.978566
16.296538 39.978567
16.2963207 39.9785979
16.296675 39.978619
16.296802 39.978651
16.296433 39.9787
16.296695 39.9787167
16.297605 39.978732
16.296595 39.978777
16.2966692 39.9788054
16.296609 39.978812
16.296563 39.978813
16.296599 39.97882
16.2966503 39.9788486
16.2966501 39.9788488
16.297405 39.978882
16.2966203 39.9788904
16.297507 39.978917
16.296744 39.9789193
16.29742 39.978929
16.296246 39.9789559
16.296114 39.978991
16.2970697 39.9790013
16.2961489 39.9790074
16.2968974 39.9790117
16.2965218 39.9790231
16.2964391 39.9790326
16.296402 39.979043
16.296354 39.979049
16.2959524 39.9790994
16.2973663 39.9791032
16.297392 39.979185
16.2958981 39.9792902
16.2956527 39.9793045
16.2965775 39.9793836
16.296843 39.979384
16.2965755 39.9793844
16.2960936 39.9796007
16.295649 39.979766
16.295669 39.979768
16.29574 39.979849
16.2956359 39.979872
15.7112551 39.9849927
15.7209371 39.987717
15.7239498 39.9879996
15.721944 39.989444
15.709048 39.989641
15.709047 39.989649
15.708992 39.9899224
15.7046207 39.9906943
15.7040435 39.9911776
15.7219054 39.9915313
15.721819 39.9915322
15.7218361 39.9915325
15.7218372 39.9915325
15.7218404 39.9915326
15.721718 39.991715
15.72172 39.991726
15.721723 39.991727
15.7231284 39.9919815
15.722449 39.992105
15.722311 39.992139
15.721787 39.992289
15.722474 39.992333
15.7226341 39.9923472
15.722606 39.992355
15.722616 39.992362
15.722277 39.992488
15.72229 39.992491
15.7230234 39.9925886
15.721163 39.992616
16.0715102 39.9926179
15.7231074 39.9926548
15.7220765 39.9926666
15.72202 39.992676
15.721565 39.992677
15.720066 39.992681
15.72006 39.992695
15.722778 39.992707
15.7225041 39.9927514
15.720621 39.992755
15.722023 39.992816
15.723496 39.992825
15.72247 39.992864
15.721395 39.992872
15.721742 39.992877
15.722723 39.992885
15.722131 39.992894
15.721325 39.992936
15.7086132 39.9929415
15.7213786 39.9929615
15.7089322 39.992996
15.7231743 39.9929976
15.7209583 39.9930492
15.7209277 39.9930694
15.7232334 39.9930767
15.7233033 39.9930789
15.7218738 39.9931314
16.070359 39.9931539
15.7232147 39.9931639
16.0703436 39.9931751
15.721524 39.993198
15.7213 39.9932299
15.723696 39.993263
15.7231133 39.9932737
15.7231077 39.9932799
15.721418 39.993301
15.720349 39.993303
16.0496476 39.9933047
15.7204941 39.9933237
15.721285 39.99334
15.7089378 39.9933405
15.721552 39.99339
15.721552 39.993391
15.722646 39.99347
15.7056008 39.9935077
16.0509619 39.993539
15.722523 39.993606
16.051028 39.993621
15.710795 39.993623
15.722475 39.993632
15.722698 39.993654
15.722693 39.993664
15.722265 39.993737
15.7237233 39.9937408
15.7235004 39.9937409
15.722297 39.993848
15.722291 39.993864
15.7038439 39.9939319
15.722361 39.993944
15.723755 39.994088
15.7139776 39.9941671
15.721896 39.994217
15.718705 39.994262
15.7246935 39.9944447
15.7245387 39.9944884
15.722096 39.994496
15.7087157 39.9945325
15.703387 39.9945359
15.7088747 39.9945705
15.7092105 39.9946049
15.715798 39.9946089
15.708856 39.994646
15.720332 39.994649
15.722037 39.9949768
15.7034705 39.995059
15.7035613 39.9950948
15.7038458 39.9951503
15.71646 39.995261
15.716759 39.995263
15.7043884 39.9952794
15.716638 39.995288
15.7041421 39.9953797
15.7027136 39.9954722
15.709174 39.996161
15.711029 39.996164
15.726606 39.996257
15.726506 39.9963537
15.7265158 39.996364
15.7021905 39.9963846
15.719353 39.996396
15.7087583 39.9965916
16.053399 39.9966409
15.7194627 39.9966526
15.7288301076882 39.9967348091125
15.700357 39.9971953
15.7016927 39.9972183
15.700274 39.997281
15.719774 39.997609
15.72608 39.997621
15.726056 39.997631
15.7164736 39.9978225
15.726693 39.9980649
15.719604 39.998322
15.708466 39.998387
15.717509 39.998429
15.718983 39.998513
15.718669 39.998516
15.7209934 39.9986543
15.71768 39.9987939
15.7170272 39.9988329
15.7167849 39.9988495
15.7167494 39.9988554
15.7156372 39.9988689
15.7271 39.998879
15.9766331 39.998883
15.717603 39.998926
15.717606 39.998926
15.9853975 39.999237
15.7012285 39.9992676
15.716697 39.999298
15.7924707 39.9994998
15.9921577 39.9995799
15.984927 39.999593
15.98492 39.999601
15.719827 39.999634
15.72753 39.99979
15.7153846 39.9998106
15.719132 39.999956
15.7144709 40.0000188
15.7144717 40.0000195
15.9828691 40.0000197
15.7214526 40.0001413
15.719904 40.000307
15.720982 40.000506
15.720977 40.000508
15.7127195 40.0005135
15.9886106 40.0006045
15.98271 40.000607
15.98864 40.000714
15.982142 40.000804
15.7128349 40.0008218
15.981559 40.000997
15.9844578 40.0011692
15.98101 40.001202
15.98394 40.001207
15.9839647 40.0012486
15.9847982 40.0012707
15.9839131 40.0012763
15.9840158 40.0012913
15.9848749 40.0012935
15.9849537 40.001317
15.9838191 40.0013405
15.9850479 40.0013451
15.9838065 40.0013492
15.9851149 40.0013651
15.9837724 40.0013728
15.9852353 40.001401
15.983655 40.001404
15.920349 40.00145
15.9836001 40.0015132
15.9856211 40.0015159
15.9834805 40.0015742
15.9209488 40.0017015
15.9209442 40.0017081
15.9833416 40.0017349
15.9865958 40.0017847
15.9866281 40.0017935
15.9758608 40.0018344
15.9833935 40.0018358
15.9867952 40.0018393
15.9868156 40.0018448
15.9832724 40.0018794
15.9869785 40.001889
15.9870199 40.0018999
15.9870629 40.0019113
15.981236 40.001923
15.9831845 40.0019244
15.981248 40.001926
15.981252 40.001928
15.9831371 40.0019597
15.9873132 40.0019723
15.9874646 40.0019945
15.9874734 40.0019952
15.9875385 40.0019978
15.9832197 40.0020103
15.983446 40.002012
15.983124 40.0020739
15.981189 40.002211
15.9828535 40.0022271
15.982545 40.0022815
15.9826991 40.0022904
15.9823562 40.0023678
15.980937 40.002418
15.981063 40.00242
15.981055 40.002425
15.9795348 40.0024366
15.9823116 40.002442
15.980941 40.0024469
15.980997 40.002452
15.980996 40.002454
15.981002 40.002455
15.980989 40.002456
15.980993 40.002456
15.9796614 40.0024679
15.981017 40.0024905
15.980944 40.002495
15.981018 40.0025003
15.980531 40.002513
15.980949 40.002513
15.9805207 40.0025148
15.980938 40.002515
15.9805209 40.0025177
15.7306294 40.0025184
15.9805209 40.0025191
15.980543 40.0025199
15.980521 40.0025206
15.979802 40.002529
15.9796787 40.0025541
15.9797455 40.0025659
15.9797926 40.0025721
15.9798469 40.0025791
15.9796 40.0025819
15.9799168 40.002588
15.9810265 40.0025887
15.9799482 40.002592
15.980948 40.0025989
15.9799879 40.0026004
15.981986 40.002604
15.9800584 40.0026153
15.9754798 40.0026222
15.980447 40.002623
15.9801301 40.0026259
15.9810303 40.0026279
15.9755668 40.002637
15.982175 40.002638
15.9802258 40.0026385
15.979868 40.002642
15.9803158 40.0026443
15.9802856 40.0026456
15.9810335 40.0026623
15.9819308 40.0026705
15.9812684 40.0026736
15.98107 40.002676
15.9821394 40.0026798
15.980155 40.00268
15.98065 40.00268
15.98035 40.002696
15.981072 40.002699
15.980422 40.002702
15.981083 40.0027169
15.98095 40.002724
15.9817969 40.0027333
15.9808069 40.0027446
15.980818 40.002752
15.980811 40.002762
15.981705 40.002763
15.9817304 40.002769
15.981825 40.0027793
15.9810897 40.0027819
15.9820174 40.0027888
15.9819275 40.0028179
15.9810167 40.002833
15.9819266 40.0028345
15.7200541 40.0028514
15.9815568 40.0028664
15.981352 40.0029759
15.9817036 40.0029973
15.981667 40.0030069
15.9814001 40.0030095
15.9814999 40.0030274
15.9818723 40.0030325
15.9819822 40.0030344
15.9818594 40.0030345
15.9818932 40.0030566
15.730936 40.003129
15.9810399 40.0031308
15.9819025 40.0031341
15.9818925 40.0031442
15.9818088 40.0031717
15.9809162 40.0031965
15.982954 40.003205
15.9817786 40.0032122
15.9809272 40.0032218
15.9810925 40.0032221
15.9808938 40.0032239
15.9818226 40.0032245
15.982817 40.003246
15.9814161 40.0032469
15.9807999 40.0032636
15.9798048 40.0032788
15.9817038 40.0033011
15.9809026 40.003307
15.980597 40.0033261
15.9807436 40.0033404
15.981781 40.003351
15.9816259 40.0033518
15.9808619 40.0033531
15.9808621 40.0033534
15.9808624 40.0033537
15.980863 40.0033547
15.9808634 40.0033553
15.9808637 40.0033556
15.9808639 40.0033559
15.9808643 40.0033566
15.9808645 40.0033569
15.9808647 40.0033572
15.9808654 40.0033581
15.9808658 40.0033588
15.9803076 40.0033725
15.981456 40.003389
15.9804596 40.003407
15.982256 40.003411
15.9806182 40.0034516
15.9819676 40.0034609
15.981945 40.003464
15.9819464 40.0034644
15.9819458 40.0034645
15.9819455 40.0034646
15.9821703 40.003469
15.981826 40.0034895
15.9801246 40.0034989
15.9800946 40.0035159
15.9810566 40.0035299
15.9816593 40.0035517
15.9797005 40.0035558
15.9816318 40.0035624
15.9816 40.0035669
15.981294 40.003577
15.9803509 40.0035949
15.981438 40.003625
15.9800721 40.0036254
15.9821926 40.0036309
15.982347 40.003648
15.982167 40.00366
15.9806885 40.0036669
15.9806925 40.0036702
15.980917 40.003681
15.9811691 40.0036852
15.982371 40.003696
15.9823714 40.0037
15.980685 40.003734
15.9802912 40.0037426
15.982187 40.003748
15.982186 40.00376
15.9800737 40.003782
15.980603 40.003814
15.981341 40.003816
15.980771 40.003844
15.980053 40.0038471
15.980731 40.003859
15.980471 40.003876
15.980669 40.003876
15.9808516 40.0038765
15.980082 40.0038882
15.9808572 40.0038983
15.9793838 40.0039041
15.9800831 40.0039193
15.9808628 40.00392
15.98151 40.003923
15.980343 40.003939
15.731018 40.00395
15.980517 40.003958
15.980899 40.003963
15.9808668 40.0039642
15.980798 40.003986
15.980433 40.004007
15.980324 40.004022
15.9798518 40.0040318
15.980002 40.004066
15.9797834 40.0040749
15.9797325 40.0041034
15.9796376 40.0041389
15.9799509 40.0041568
15.979441 40.004258
15.979517 40.0042749
15.9796974 40.004295
15.9792414 40.0043355
15.721391 40.004337
15.9794294 40.0043425
15.9794356 40.0043497
15.9791367 40.0043553
15.9794451 40.0043604
15.9794482 40.004364
15.9790798 40.004366
15.9794514 40.0043676
15.9790166 40.0043689
15.9794545 40.0043711
15.9790097 40.0043844
15.9794671 40.0043854
15.9790315 40.0043919
15.979481 40.004393
15.9794761 40.0043956
15.9794766 40.0043961
15.9794829 40.0044033
15.9788686 40.0044096
15.9794892 40.0044104
15.9789772 40.0044124
15.9794924 40.004414
15.9789253 40.0044149
15.9794955 40.0044175
15.713997 40.004423
15.9794987 40.0044258
15.9795002 40.0044299
15.9795016 40.0044341
15.979503 40.0044383
15.9795044 40.0044424
15.9791731 40.0044526
15.9790547 40.0045059
15.9790081 40.0045067
15.978742 40.0045598
15.979574 40.0045829
15.9787909 40.004618
15.9787389 40.0046661
15.9754478 40.0047125
15.7982755 40.0047301
15.9780208 40.004741
15.979386 40.004819
15.9792575 40.0048395
15.9779626 40.0048669
15.97928 40.004912
15.977527 40.004916
15.9774924 40.0049206
15.978051 40.004936
15.9774027 40.0049447
15.977989 40.004962
15.9772498 40.0049631
15.9791697 40.0049864
15.976175 40.0050073
15.9768635 40.0050215
15.9771989 40.0050535
15.9771442 40.0050593
15.9769309 40.0050727
15.979183 40.005083
15.9769867 40.005093
15.9785467 40.0050943
15.9735271 40.0051144
15.721967 40.005135
15.9732971 40.0051424
15.9732691 40.0051483
15.974473 40.0051606
15.9748036 40.005187
15.9775144 40.0051991
15.9791477 40.005221
15.9746856 40.0052366
15.9791503 40.005246
15.732059 40.005259
15.9749958 40.0052627
15.9724707 40.0053345
15.9723218 40.0053577
15.9723082 40.0053598
15.9723014 40.0053609
15.9722879 40.005363
15.9722811 40.0053641
15.9722129 40.0053747
15.9773729 40.0054004
15.9772288 40.0055344
15.9770691 40.0056528
15.9771247 40.0056998
15.9769721 40.0058225
15.720828 40.005852
15.9764966 40.0059776
15.716889 40.006527
15.716886 40.006537
15.966197 40.0070679
15.721334 40.007481
15.9776251 40.0086685
15.9776337 40.0086777
15.9776511 40.0086955
15.9776188 40.0086984
15.9776518 40.0086986
15.9776518 40.0086988
15.977652 40.0086996
15.9776521 40.0087
15.9776664 40.0087236
15.9775736 40.0087373
15.977549 40.0087445
15.9775368 40.0087481
15.9775245 40.0087517
15.9775183 40.0087535
15.9775026 40.0087581
15.9774992 40.0087591
15.9774528 40.0087727
15.9776198 40.0088345
15.9778239 40.008849
15.9773979 40.008857
15.9772348 40.0088913
15.977207 40.0089178
15.9766407 40.008919
15.9766624 40.008931
15.9771719 40.0089379
15.9769654 40.0089784
15.9774663 40.0089822
15.9763544 40.008983
15.9763758 40.0090525
15.9773083 40.0090797
15.9770307 40.0090798
15.9766174 40.0090876
15.9773311 40.0090896
15.9773375 40.0090923
15.9773573 40.0091005
15.9774303 40.0091031
15.9773833 40.0091093
15.9774004 40.0091099
15.9775298 40.0091609
15.9772887 40.0091644
15.9772281 40.0091793
15.9765227 40.0091891
15.976722 40.0092103
15.9772028 40.0092103
15.9762301 40.0092537
15.9761981 40.0093018
15.9763625 40.009321
15.976757 40.009325
15.9767596 40.0093338
15.9760955 40.0093451
15.9765413 40.0093455
15.976045 40.009536
15.9766807 40.0095442
15.97594 40.009552
15.9760374 40.0095576
15.9766866 40.0095625
15.9769253 40.0095926
15.9766678 40.0095933
15.9769539 40.0095947
15.9589896 40.009595
15.9760694 40.009611
15.9757993 40.0096121
15.9766349 40.0096158
15.9769237 40.0096186
15.9723129 40.0096777
15.9765385 40.0096845
15.9767067 40.0097081
15.975945 40.0097416
15.9756398 40.0097557
15.9716224 40.0097633
15.9759244 40.009774
15.9714089 40.0097752
15.9756295 40.0097859
15.9745719 40.0097982
15.973503 40.009805
15.9739734 40.0098102
15.9739502 40.0098105
15.9739283 40.0098109
15.973494 40.0098138
15.9734888 40.0098188
15.9734875 40.0098201
15.9734797 40.0098276
15.9734771 40.0098302
15.9734745 40.0098327
15.9739966 40.0098349
15.973472 40.0098352
15.9734655 40.0098415
15.9755407 40.009844
15.9755201 40.0098505
15.9738756 40.009856
15.9738857 40.009858
15.9754959 40.0098596
15.9758334 40.0098615
15.9756919 40.0098669
15.974785 40.0098706
15.9748425 40.0098868
15.9745385 40.00991
15.976565 40.0099125
15.9733892 40.0099252
15.9750225 40.0099607
15.9756986 40.0100806
15.973122 40.0100896
15.9732224 40.0100933
15.9757846 40.0101308
15.9757088 40.0101345
15.9757088 40.0101355
15.9757408 40.0101465
15.9704666 40.0101543
15.9750749 40.0101747
15.9763606 40.0101763
15.9755522 40.0101853
15.9749377 40.0101857
15.9764072 40.0101914
15.9763299 40.0101928
15.9701229 40.0102091
15.975673 40.0102107
15.9741809 40.0102507
15.9741755 40.0102539
15.9741738 40.0102549
15.97429 40.0102735
15.9744633 40.0102743
15.9763745 40.0102744
15.9741963 40.0102772
15.9763828 40.0102774
15.9742187 40.0102797
15.9755571 40.0102828
15.974112 40.0102916
15.9755582 40.0102919
15.9755513 40.0102991
15.9755508 40.0103
15.975549 40.010303
15.9755481 40.0103046
15.9755453 40.0103102
15.9755445 40.0103123
15.9755881 40.0103164
15.974972 40.0103172
15.9755404 40.0103234
15.9755399 40.010325
15.9755394 40.0103267
15.9755392 40.0103283
15.9755386 40.0103316
15.9751355 40.0103404
15.975538 40.0103465
15.9755382 40.0103498
15.9755431 40.0103503
15.9755387 40.0103573
15.970062 40.0103594
15.9701256 40.01036
15.9700475 40.0103644
15.9745197 40.0103727
15.974893 40.0103859
15.974888 40.010389
15.97494 40.0104
15.97502 40.010419
15.9754009 40.0105554
15.9753993 40.0105561
15.9753674 40.0105656
15.9754469 40.0105824
15.9749344 40.0106195
15.974926 40.0106203
15.9754367 40.0106231
15.9754605 40.0106277
15.9751405 40.0106372
15.9741775 40.0107208
15.9752468 40.0107397
15.9748785 40.0107898
15.9753773 40.0107974
16.1711589062394 40.0108000481055
15.975457 40.0108324
15.9753446 40.0108446
15.9755074 40.0108486
15.719288 40.010877
15.719276 40.0108869
15.9754854 40.0109161
15.9757256 40.0109209
15.9756498 40.0109408
15.9741982 40.0110802
16.0114465671569 40.0133757077559
15.953541 40.014297
16.001397 40.014473
16.1472516 40.0157439
16.1394542 40.0176459
16.1387985 40.0185826
16.1375116 40.019413
16.3447514244306 40.0194592028594
16.140589 40.0194932
16.1380848 40.0195385
16.1381843 40.0195487
16.1381797 40.0195617
16.1381701 40.0196005
16.138169 40.0196048
16.138166 40.0196179
16.137333 40.0196995
16.137412 40.019775
16.1373248 40.019802
16.1381115 40.0198253
16.1373208 40.0198406
16.1373112 40.0199264
16.1373098 40.0199389
16.1373084 40.0199514
16.1373055 40.0199764
16.1373056 40.0199827
16.1397848 40.0200739
16.1382232 40.0200928
16.1383349 40.0201734
15.926247 40.020221
16.1384066 40.0202457
16.138103 40.020252
16.1378611 40.0203004
16.1386119 40.020348
16.1378166 40.0203728
16.1380071 40.0205317
16.138275 40.020586
16.1381249 40.0206315
16.137735 40.0206363
16.1379507 40.0206572
15.7758105113203 40.020744728699
16.1378865 40.0207453
16.138107 40.020898
16.137699 40.020926
16.1382869 40.021063
15.779317 40.021133
15.7793 40.021137
15.7793286 40.0211438
15.779328 40.0211479
15.7793257 40.0211623
16.1377017 40.0211985
15.7793134 40.0212153
15.7793075 40.0212353
15.7793048 40.0212444
15.7792922 40.0212867
16.1376414 40.0213127
16.137875 40.021323
15.7795032 40.0213266
16.137522 40.02133
15.7795065 40.0213338
16.137857 40.021337
16.1373393 40.0213734
16.1372608 40.0214253
16.1372074 40.0214973
15.7795873 40.0215066
16.13723 40.0215699
16.136102 40.021585
16.1364829 40.021673
16.1368908 40.0218065
16.1362212 40.0218106
16.1362128 40.0218144
16.136402 40.021817
16.136777 40.021862
16.1366822 40.0218912
15.9026075 40.0219451
16.1366557 40.0219916
16.1369153 40.0220228
16.137115 40.022035
16.135692 40.022063
16.1373917 40.0220641
16.1364522 40.0220708
16.137051 40.0220709
16.1364445 40.0220737
16.1356324 40.0221481
16.1372794 40.0221544
16.13731 40.022174
16.1361609 40.0221932
16.1361725 40.0221964
15.7787733 40.02221
16.1372035 40.0222252
16.137213 40.022257
16.1368173 40.0223378
16.1355422 40.0223412
16.136797 40.022352
16.1367735 40.0223826
16.1359679 40.02241
16.1357107 40.0225483
16.1357991 40.022599
16.1358868 40.0226532
16.136427 40.02268
15.778523 40.0226879
15.7785096 40.0227434
15.7780461 40.0227513
15.7784399 40.0227531
16.1355649 40.0227583
16.135753 40.022772
15.8788881 40.0231093
15.7773388 40.0234638
15.7771581 40.0236057
15.7771393 40.0236291
15.7770864 40.0237459
15.7770457 40.023814
15.7769481 40.0239115
15.7769477 40.0239122
15.7768548 40.0240481
15.776999 40.024074
15.7752401 40.0241043
15.775074 40.024129
15.776811 40.0241756
15.7767922 40.0242263
15.7768261 40.0242563
15.7768252 40.0242584
15.7754993 40.0242693
15.7768027 40.0243103
15.7755641 40.0243106
15.7767914 40.0243363
15.7757614 40.0243851
15.7767689 40.0243883
15.7767168 40.0243916
15.775698 40.0243959
15.7759036 40.0244782
15.7766307 40.0244901
15.7758474 40.0245095
15.7759618 40.0245179
15.7759933 40.0245342
15.775791 40.024572
15.7760947 40.024594
15.776497 40.0246108
15.7761502 40.0246293
15.7760147 40.0246302
15.775842 40.024654
15.7766063 40.0246621
15.7761114 40.0246977
15.7762885 40.0247123
15.7761959 40.0247525
15.7763709 40.0248244
15.7811121 40.025042
15.7767241 40.0251308
15.7769979 40.0253608
15.7769215 40.025414
15.778375 40.025415
15.777413 40.0256293
15.7774162 40.0256307
15.7774183 40.0256316
15.778051 40.025632
15.777404 40.0256649
15.8771078 40.0258901
15.775345 40.0259799
15.77594 40.02599
15.774972 40.026026
15.775312 40.026083
15.865245 40.026086
15.774351 40.026089
15.774414 40.026114
15.7754383 40.0261586
15.774358 40.026217
15.7753561 40.0262289
15.7742097 40.0262722
15.7753298 40.0263041
15.77911 40.02641
15.7741374 40.0264396
15.777893 40.026489
15.9620255732651 40.0264899418383
15.775178 40.026528
15.7739995 40.026623
15.7751898 40.0266365
15.777935 40.02666
15.778766 40.026789
15.7775487 40.0268546
15.7783507 40.0268653
15.7738019 40.026941
15.779394 40.026967
15.7723911 40.0269844
15.779126 40.027007
15.7775164 40.0270433
15.805526 40.027078
15.7775436 40.0273166
15.7735527 40.0273397
15.7735502 40.0273441
15.7728036 40.0273756
15.7734939 40.0274442
15.8033835 40.0274595
15.7734554 40.0275127
15.7734437 40.0275334
15.7775471 40.0275364
15.7734819 40.0275509
16.021934 40.0275899
16.021933 40.027592
16.021927 40.027593
15.7733655 40.027645
15.773421 40.027667
15.773396 40.0277249
15.773312 40.0277559
15.773324 40.02779
15.774466 40.027956
15.7731916 40.0279813
15.7732084 40.0279895
15.7734673 40.0281167
15.773519 40.0281407
15.7735594 40.0281972
15.774247 40.028311
15.774135 40.028313
15.774268 40.028341
15.7740856 40.0283979
16.1396995 40.0287863
15.7794053 40.0293271
15.779316 40.029367
15.7794097 40.0293691
15.7794227 40.0294905
15.7794236 40.0294989
15.779325 40.029505
15.7795227 40.0296294
15.7796353 40.0296624
15.779977 40.029769
16.292456 40.0310599
16.292417 40.031069
15.8401382 40.0324947
16.319599 40.0331447
16.334641 40.033869
15.858752 40.034063
15.8590499 40.0346488
16.334373 40.034674
16.3064572 40.0351818
16.3064331 40.0352155
16.336079 40.0352277
16.3064195 40.0352316
16.3360785 40.0352408
16.3360784 40.0352445
16.3360783 40.0352482
16.3063569 40.03525
16.3360781 40.0352556
16.3360762 40.0352665
16.3360741 40.0352737
16.3360511 40.0353546
16.3360496 40.0353597
16.334165 40.0354651
16.306244 40.035486
16.304773 40.035523
16.3047739 40.03553
16.335544 40.035536
16.305717 40.035539
16.305613 40.035569
16.304403 40.035597
16.3360653 40.0356067
16.305468 40.035717
15.858588 40.035749
15.858601 40.035755
16.305741 40.035786
15.8595039 40.0358026
16.304689 40.035815
16.304544 40.0358438
16.305609 40.0358639
16.3046754 40.0358759
16.3032105 40.035876
16.304524 40.0358947
15.7449184 40.0359731
16.335851 40.035987
16.3044985 40.0360216
16.3358613 40.0360227
16.304319 40.036032
16.3346878 40.0360641
16.3042589 40.036066
16.3043754 40.0360739
16.305308 40.036083
16.304245 40.036099
16.3042885 40.0361108
16.3339281 40.0361983
16.335711 40.03623
16.335677 40.0362409
16.304172 40.036257
16.3033256 40.0362621
16.335753 40.0362655
16.3047879 40.036283
15.829314 40.0362859
16.3346969 40.036328
16.303681 40.0363479
16.3045 40.036367
16.305725 40.03638
16.303261 40.03639
16.305582 40.036465
15.840643 40.0364902
16.3036765 40.0364979
16.039304 40.03652
16.3037486 40.0365462
16.3051131 40.0365613
16.3049943 40.036597
16.334049 40.0366049
15.8396587 40.0366894
16.3357 40.0367109
16.33485 40.036723
16.3356184 40.0367271
16.3056816 40.0367392
16.3040859 40.036752
16.305848 40.0367573
16.305805 40.036765
16.3358037 40.0368779
16.305536 40.036963
15.8395672 40.0369896
16.2266333 40.0370126
15.8369863 40.0370209
15.8368795 40.037023
16.304313 40.037023
16.334961 40.037024
15.836986 40.0370267
16.305647 40.037031
16.304219 40.0370769
16.3344443 40.0371001
16.335593 40.0371063
16.335544 40.03714
16.335324 40.037142
16.33494 40.037149
15.8390105 40.0371491
15.8390138 40.0371572
15.836973 40.0371578
16.304922 40.037166
16.33431 40.03717
16.305415 40.037287
16.305627 40.037376
16.305653 40.0373779
16.3054789 40.037418
16.335219 40.0374229
16.305673 40.037449
16.305746 40.037474
16.305655 40.037505
16.304619 40.03755
16.304631 40.037571
16.304627 40.037578
16.30533 40.037603
16.335235 40.037617
16.305348 40.037623
15.8390234 40.037627
16.3355233 40.0376544
16.3355228 40.0376546
15.7810478 40.0376651
16.3348559 40.037681
16.3049019 40.037686
16.335555 40.0376987
16.30486 40.037715
16.305615 40.037725
15.7804062 40.0377256
16.335184 40.03775
16.304965 40.037762
16.373784078456 40.0378476832565
16.304875 40.038022
16.304661 40.038069
15.8368205 40.0380709
16.304405 40.038146
15.8366281 40.0382176
15.837833 40.03835
15.8387638 40.038373
15.8366232 40.0383835
15.836495 40.0384132
15.8380523 40.0384665
15.836309 40.0385319
15.836254 40.038623
15.836519 40.038727
15.8382025 40.0387975
16.278348 40.038884
15.8353351 40.0389124
15.8382196 40.0389275
15.8332274 40.0389754
15.8355212 40.0389966
15.835222 40.039058
15.833316 40.03923
15.835434 40.039248
15.837596 40.039262
15.835972 40.039372
15.8351213 40.0393807
15.835015 40.0394549
15.8353566 40.0394705
15.833346 40.039472
15.8360622 40.0396746
15.835154 40.039733
15.8352252 40.039802
15.8354584 40.0398638
15.8347501 40.0399096
15.8342676 40.0399271
15.8352667 40.0399518
15.8348796 40.0399546
15.8349559 40.0400449
15.836553 40.040254
15.835269 40.040371
15.835398 40.040392
15.8351935 40.0404103
15.835837 40.04042
15.835737 40.040437
15.8375041 40.0405525
15.8366964 40.040556
15.8366675 40.0405954
15.836654 40.040677
15.836691 40.040735
15.8378386 40.0407769
15.8378716 40.0407872
15.836723 40.040818
15.83785 40.0408188
15.8372694 40.0408509
15.837446 40.040864
15.8374062 40.0408719
15.8371884 40.0408797
15.8371267 40.0409001
15.8371063 40.040907
15.8370455 40.0409286
15.8370393 40.0409299
15.837018 40.040993
15.8374738 40.0409937
15.8377816 40.0410115
15.836922 40.041013
15.8374938 40.0410136
15.8375051 40.0410147
15.8375274 40.041016
15.8377376 40.0410171
15.8377313 40.0410179
15.8377027 40.0410202
15.836796 40.0410625
15.836314 40.041082
15.835927 40.0410895
15.836731 40.041137
15.8370616 40.0411532
15.837722 40.041161
15.837736 40.041167
15.837735 40.041172
15.8370639 40.041182
15.83672 40.041189
15.8367968 40.0411894
15.8359744 40.0412053
15.836825 40.041227
15.836194 40.041241
15.836819 40.041247
15.836812 40.041255
15.836302 40.0412589
15.8366734 40.0412674
15.836807 40.041278
15.834407 40.04132
15.8361621 40.0414045
15.836626 40.041412
15.836147 40.0414342
15.837569 40.041447
15.837565 40.04146
15.8360767 40.0414663
15.8366941 40.041476
15.8360913 40.0415025
15.836587 40.041505
15.8361727 40.0415209
15.8361002 40.0415247
15.8361067 40.0415384
15.8366493 40.041544
15.836592 40.0415473
15.8361842 40.0415506
15.8365252 40.0415604
15.8371501 40.04157
15.8366081 40.0415866
15.836491 40.041606
15.8668733 40.0416519
15.8364763 40.0416622
15.835477 40.041753
15.834799 40.041764
15.8364481 40.041807
15.8364481 40.0418072
15.836448 40.0418073
15.836448 40.0418076
15.8364478 40.041809
15.8364478 40.0418092
15.8364477 40.0418094
15.8364477 40.0418096
15.8364475 40.0418107
15.8366 40.041814
15.836602 40.041823
15.836593 40.041825
15.836919 40.041853
15.836532 40.041856
15.836777 40.041867
15.835816 40.0418783
15.8362476 40.0420647
15.837133 40.042074
15.8363134 40.0420757
15.8364618 40.0420883
15.8362355 40.042106
15.8362807 40.0421138
15.8364132 40.0421338
15.835613 40.042144
15.8367611 40.0421552
15.837077 40.042158
15.8355656 40.0422681
15.8356801 40.0423021
15.834177 40.042365
15.8361564 40.0424371
15.8361447 40.0424399
15.8361438 40.0424401
15.8361433 40.0424402
15.8361409 40.0424408
15.8356963 40.0425331
15.8367882 40.042634
15.836512 40.042642
15.836536 40.042643
15.836765 40.04265
15.83676 40.042657
15.836304 40.0427
15.836253 40.042705
15.836269 40.042705
15.836299 40.042705
15.836266 40.04271
15.836258 40.042711
15.836243 40.042715
15.836281 40.042797
15.836271 40.042802
15.836277 40.0428039
15.8367731 40.0428175
15.8366943 40.0428269
15.835248 40.0428491
15.8366902 40.0428569
15.8366885 40.0428659
15.8358962 40.0428725
15.8358971 40.0428795
15.8366192 40.0428863
15.8351318 40.0429054
15.8349845 40.042947
15.8349564 40.0429501
15.8349707 40.042955
15.8366551 40.0430008
15.8366494 40.0430186
15.8366332 40.0430626
15.835821 40.04307
15.8366171 40.0431067
15.8365679 40.0431091
15.834695 40.0431219
15.8366088 40.0431238
15.835998 40.043146
15.8365951 40.0431492
15.834609 40.0431676
15.834586 40.0431796
15.8365638 40.0432087
15.8365597 40.0432173
15.8366296 40.0432372
15.836166 40.043239
15.8365347 40.0432685
15.835787 40.043283
16.2808021626629 40.0432835063201
15.8364864 40.0433678
15.8364775 40.0433861
15.835904 40.04341
15.8359468 40.0434264
15.8364774 40.0434362
15.8347401 40.0434886
15.8347398 40.0434887
15.8347358 40.0434898
15.834735 40.04349
15.835129 40.04354
15.835191 40.043548
15.8699768 40.043548
15.835084 40.043551
15.8360961 40.0435626
15.8358195 40.0435862
15.834785 40.04359
15.835901 40.0435903
15.835656 40.043591
15.835648 40.043594
15.834782 40.043596
15.8361655 40.0435972
15.8359742 40.0436055
15.8362174 40.0436526
15.834967 40.043704
15.833856 40.043768
15.83387 40.043772
15.833888 40.0437952
15.8338858 40.0437963
15.8338842 40.0437971
15.8338818 40.0437984
15.8353906 40.0437987
15.8338793 40.0437996
15.8338776 40.0438005
15.8353734 40.043806
15.835371 40.043807
15.8353423 40.0438198
15.8362679 40.0438243
15.8353881 40.0438338
15.8362467 40.0438863
15.8351774 40.0438972
15.8354735 40.0439132
15.8337383 40.0439309
15.8347698 40.0439372
15.8349583 40.0439605
15.8347895 40.0439915
15.834868 40.0440029
15.834698 40.0440059
15.8346788 40.0440086
15.8338816 40.0440331
15.834697 40.044034
15.834707 40.044034
15.8361916 40.0440408
15.8343512 40.0440936
15.834301 40.0441109
15.8343545 40.0441274
15.8341984 40.0441279
15.8340861 40.0441386
15.8360238 40.0441422
15.8361163 40.0441542
15.834291 40.044155
15.8361668 40.0441721
15.8358969 40.0442478
15.8346556 40.0442805
15.8357719 40.0443596
15.834575 40.044364
15.834563 40.044369
15.8342747 40.0443863
15.8354238 40.044507
15.8360611 40.0445454
15.8353767 40.0445587
15.8357888 40.0445885
15.834821 40.044623
15.8353034 40.0446441
15.8357513 40.0446552
15.8347709 40.0446614
15.834668 40.044679
15.83468 40.044682
15.835205 40.044733
15.834711 40.044738
15.836035 40.044763
15.8347519 40.0447892
15.8347512 40.0447895
15.8347499 40.0447899
15.8347472 40.0447908
15.8347459 40.0447913
15.835146 40.044835
15.835132 40.04487
16.3498578 40.0449415
15.8354428 40.0449519
16.349688 40.044956
16.349656 40.044963
16.349703 40.044991
15.835012 40.045028
15.83568 40.045104
15.8356845 40.0451165
15.8354415 40.0451511
16.349858 40.045189
16.349892 40.045203
16.34984 40.045211
15.8350739 40.045259
16.349229 40.0453199
16.3492501 40.04532
16.3492585 40.0453245
15.8346596 40.0454252
16.348913 40.045431
16.348852 40.045447
16.348868 40.045479
15.833243 40.045519
16.350202 40.045523
15.833914 40.045609
15.8348711 40.0457098
15.834918 40.0457279
16.34925 40.045743
16.3492266 40.045752
16.3483542 40.0458806
16.3500843 40.0459553
16.3500865 40.0459576
15.7790427 40.0459764
16.349949 40.0460319
16.349282 40.0461669
16.34777 40.046174
15.837841 40.046307
15.7788474 40.0463156
16.346942 40.046517
16.347743 40.0466089
15.837698 40.046646
16.347866 40.046753
15.8373789 40.0467814
16.347567 40.046791
15.837315 40.0468112
16.347427 40.046828
16.347621 40.046869
15.8367263 40.046956
15.8376067 40.0469847
16.3497693 40.0469957
16.3498108 40.0470477
16.3498108 40.0470478
16.3498109 40.0470478
16.3498157 40.0470539
16.3498213 40.0470609
16.3498228 40.0470628
16.3498232 40.0470632
15.8374692 40.0470802
15.8367463 40.0471047
15.837141 40.0471379
15.836862 40.047168
15.8391325 40.0471881
15.8391393 40.0472024
15.837322 40.047212
15.837325 40.047225
15.8381011 40.0472447
15.8370924 40.0472568
15.836472 40.04728
15.8381324 40.0472999
15.83629 40.04734
15.839162 40.047353
15.83741 40.047376
15.8393806 40.0473892
15.8393896 40.0474022
15.8393912 40.0474046
15.836209 40.04741
15.8393955 40.0474107
15.836202 40.047417
15.8375886 40.0474293
15.8394178 40.0474429
15.839324 40.047446
15.837738 40.047453
15.8375272 40.0474823
15.8375254 40.0474848
15.838927 40.047508
15.838683 40.047512
15.837715 40.047544
15.8383617 40.0476263
15.838272 40.047635
16.3521542 40.0476764
15.8378648 40.0476821
15.8386642 40.0476839
15.8375483 40.047714
15.83736 40.047769
15.838162 40.04779
15.8379759 40.0477909
15.8382583 40.0478261
16.3501375 40.0478303
15.83919 40.0478359
15.837999 40.047856
15.838031 40.047859
15.838279 40.047864
15.837471 40.047916
15.8383428 40.0480216
15.8408866 40.0481031
15.838414 40.048176
15.83843 40.048245
15.838411 40.048266
15.83994 40.048279
15.8438 40.048304
15.8383511 40.048308
15.840036 40.048331
15.839908 40.048443
15.83975 40.04845
15.8398696 40.0484713
15.8398729 40.0484719
15.8398926 40.048476
15.839863 40.048495
15.8391792 40.048499
15.839853 40.04852
15.83941 40.0485339
15.839409 40.048536
15.839855 40.048537
15.8387688 40.0485565
15.8382826 40.0485574
15.8385676 40.0485606
15.840394 40.048575
15.839311 40.048576
15.8395933 40.0485823
15.8407 40.048586
15.838269 40.048595
15.839306 40.048623
15.838317 40.0486286
15.840475 40.048651
15.840376 40.048652
15.840556 40.048653
15.840461 40.0486549
15.8383131 40.0486595
15.840645 40.0486689
15.840748 40.048691
15.839935 40.048692
15.8399275 40.0487084
15.8383444 40.0487455
15.8374979 40.0487457
15.838612 40.04875
15.838273 40.048789
15.8392209 40.0487931
15.8391002 40.0488141
15.838387 40.048839
15.8383443 40.048844
15.839194 40.048859
15.840269 40.048874
15.8391649 40.0488803
15.8392436 40.0488954
15.8414019 40.0488978
15.8414034 40.0489026
15.837311 40.048916
15.84283 40.048948
15.841368 40.0489504
15.83771 40.048959
15.841038 40.048964
15.840916 40.048988
15.8387533 40.0489881
15.838714 40.048991
15.840916 40.048995
15.840919 40.048995
15.8384165 40.0489995
15.8384304 40.0489997
15.8384581 40.0490001
15.838472 40.0490003
15.842932 40.0490009
15.8385736 40.0490041
15.8385826 40.0490046
15.8386835 40.0490055
15.83716 40.0490319
15.837166 40.04904
15.8383129 40.0490648
15.838939 40.049078
15.8385651 40.049079
15.8383658 40.0490793
15.839157 40.04909
15.8424 40.0490939
15.8382984 40.0490958
15.839068 40.049115
15.8405157 40.0491777
15.842366 40.0491796
15.83823 40.0491855
15.8382249 40.0491861
15.8405115 40.049188
15.8380675 40.0492258
15.8424287 40.0492328
15.8380583 40.0492351
15.8423181 40.0492359
15.8423158 40.0492386
15.8394247 40.0492415
15.842477 40.049294
15.8403114 40.0493076
15.842141 40.04931
15.8425679 40.0493112
15.840313 40.049321
15.84246 40.049321
15.8412547 40.0493257
15.8379864 40.0493356
15.8412 40.049342
15.8423272 40.0493564
15.837304 40.0493669
15.842405 40.04937
15.837301 40.049382
15.8401271 40.0493841
15.842513 40.0494238
15.842073 40.049435
15.842366 40.0494419
15.842353 40.049442
15.8409239 40.0494537
15.838648 40.049477
15.838642 40.0495189
15.840851 40.04952
15.8424413 40.0495235
15.838639 40.049528
15.8386193 40.0495453
15.838911 40.0495644
15.839416 40.049574
15.839328 40.04958
15.8372031 40.0495816
15.839489 40.0496
15.839342 40.049656
15.8388298 40.0496686
15.8421005 40.0496749
15.8395592 40.0496927
15.8422691 40.049694
15.8398501 40.0496984
15.8398958 40.0497066
15.8375452 40.0497102
15.8375372 40.0497141
15.8421101 40.0497459
15.842003 40.049766
15.8421213 40.0497805
15.8416221 40.0497887
15.839526 40.04979
15.8328971 40.0498881
15.837777 40.049936
15.837975 40.049957
15.8417556 40.0499931
15.8403714 40.0499948
15.8418202 40.0500198
15.842272 40.05003
15.842311 40.050068
15.837954 40.050077
15.837944 40.05008
15.8419001 40.0500817
15.837947 40.050083
15.836969 40.050085
15.8420165 40.050091
15.837936 40.050097
15.8405417 40.0501128
15.84224 40.050157
15.7955224 40.0501609
15.795498 40.0501741
15.795544 40.050177
15.7954884 40.0501792
15.8424736 40.0502305
15.7953338 40.0502506
15.8421536 40.0503109
15.8425288 40.0503185
15.840851 40.050326
15.840654 40.050418
15.8403665 40.0504988
15.8404424 40.0505269
15.837642 40.050536
15.8403127 40.0505424
15.84033 40.05055
16.2198256189749 40.050561334373
15.8403683 40.0505688
15.837611 40.050581
15.8426908 40.0507593
15.840336 40.0508359
15.832375 40.05088
15.842842 40.050895
15.842837 40.050905
15.841216 40.050956
15.840223 40.051003
15.840023 40.051009
15.840015 40.051013
15.840036 40.051014
15.840035 40.051017
15.84002 40.05102
15.84 40.0510219
15.837258 40.051039
15.839394 40.051045
15.8393558 40.0511056
15.8393508 40.0512676
15.841303 40.051349
15.8396515 40.0513885
15.839375 40.051542
15.839795 40.051597
15.843616 40.051692
15.8440326 40.0517114
15.8441544 40.0518064
15.84389 40.051824
15.84151 40.051871
15.840222 40.051908
15.844205 40.051979
15.840155 40.051984
15.840206 40.052008
15.843269 40.052112
15.840376 40.052118
15.840428 40.05216
15.840702 40.052191
15.8407464 40.0522403
15.840758 40.0522481
15.84168 40.052259
15.840669 40.052295
15.844072 40.0523669
15.843974 40.052421
15.843959 40.052427
15.843972 40.05243
15.930536 40.05253
15.841137 40.052549
15.841458 40.052634
15.837438 40.0527234
15.83743 40.052734
15.841488 40.0527609
15.841694 40.052791
15.841705 40.052791
15.841656 40.052898
16.053494 40.052981
15.775243 40.053066
15.838886 40.05319
15.837593 40.053204
15.7905915 40.053429
15.837857 40.053669
15.842428 40.054155
15.844511 40.054184
15.844066 40.0542
15.844013 40.0542469
15.8439152 40.0543833
15.8435515 40.0544847
15.843483 40.054504
15.843 40.0546689
15.7966484 40.0547198
15.7966425 40.0547222
15.8391057 40.0551403
15.8391093 40.0551502
15.839046 40.055252
15.8391776 40.0553438
15.8391844 40.055363
15.839103 40.055394
15.8392182 40.0554588
15.8392219 40.0554693
15.839151 40.055501
15.7960002 40.0555262
16.0492065 40.0559309
16.044552 40.055962
15.8253108 40.0561204
15.8373897 40.0568294
16.0579083 40.0568602
15.772843 40.056958
15.772729 40.056969
15.772717 40.056978
16.05601 40.0573539
15.8218607 40.0574976
15.8212233 40.0579816
15.899228 40.058221
15.8209596 40.0584623
15.808146 40.060097
16.022037 40.06026
15.7660758 40.0608567
15.697323 40.061652
16.0782161 40.0617987
16.0782084 40.0618824
16.0782349 40.061888
16.0782509 40.0618913
15.771366 40.062483
16.0742985 40.0625241
15.7735913 40.062799
15.771077 40.062837
15.771074 40.062846
15.7959294 40.063849
15.7931649 40.0639481
16.022258 40.064527
15.7977202 40.0646416
15.79771 40.06465
15.802332 40.064862
15.802369 40.064884
15.8021681 40.064909
15.7981429 40.0649637
15.778343 40.065228
15.798428 40.065352
15.79852 40.065413
15.798724 40.0654574
15.8012121 40.0654697
15.798895 40.065592
15.7989577 40.0656267
15.799007 40.065815
15.7993131 40.0658826
15.800946 40.065891
15.7993475 40.0659073
15.80087 40.065973
15.7994582 40.0659869
16.0975943 40.0660592
15.799747 40.066198
15.7997884 40.0662043
15.7998097 40.0662156
15.7998843 40.0662554
15.7998902 40.0662574
15.800127 40.066343
15.8237802 40.0663457
15.8001305 40.0663642
15.799889 40.066366
15.80006 40.066438
15.8002714 40.0664427
15.8002857 40.0664506
15.8003062 40.0664621
15.8003284 40.0664744
15.8003472 40.0664851
15.8005036 40.0667584
16.081848 40.066892
15.8004015 40.0668942
15.8004009 40.0669322
15.800334 40.06698
15.8005238 40.0669886
15.767911 40.067163
15.767915 40.067167
15.847934 40.067548
15.80019 40.067614
15.8001501 40.0676786
15.800133 40.067704
16.1189183 40.068073
15.799683 40.068154
15.799612 40.0682
15.7994924 40.0682757
15.799466 40.068276
15.754101 40.068295
15.7539955 40.0683155
15.6833478 40.0683589
15.8684854 40.0684636
15.7540189 40.0686253
15.8020621 40.0690633
15.799086 40.06911
15.798981 40.069363
15.9584758 40.0694501
15.958263 40.0696112
15.9582319 40.0696276
15.9581992 40.0696418
15.9577661 40.0697115
15.9578036 40.0697148
15.9575412 40.0697165
15.9575052 40.0697251
15.7991596 40.0697434
15.9574469 40.0697618
15.799084 40.069968
15.9569888 40.070013
15.799242 40.070017
15.9568889 40.0700538
15.799238 40.070074
15.8828713965064 40.0701178301948
15.8032942 40.0701393
16.0086255 40.0702451
15.69338 40.0705529
15.699301 40.070665
15.693564 40.070777
15.69387 40.070876
15.9504302 40.0711742
15.9502589 40.0712073
15.9500877 40.0712404
15.9499178 40.0712773
15.949224 40.0713687
15.948264 40.071402
15.948254 40.071405
16.0991652 40.0714107
16.3256867 40.0715208
15.6846839 40.0716303
16.02823 40.07172
15.684957 40.071836
16.0981765 40.0718707
15.780167 40.072212
15.78018 40.072213
15.780167 40.07222
16.099048 40.0722499
16.0988909 40.072319
16.098945 40.0723569
16.099142 40.072393
16.09865 40.072418
16.098787 40.072418
16.099858 40.07242
16.100765 40.072468
16.100387 40.072472
16.100335 40.072498
16.098812 40.072508
15.779648 40.0725134
16.1005569 40.072517
15.7795758 40.0725186
16.100175 40.072522
16.100212 40.0725229
16.09793 40.07253
16.096118 40.072559
16.0998893 40.0725701
16.098377 40.072577
16.100517 40.072592
16.0998646 40.0725952
16.098537 40.072624
16.100573 40.072637
16.1003 40.072653
16.098805 40.072662
16.0983368 40.072671
16.1006329 40.072678
15.77967 40.072699
16.098678 40.072704
16.0987699 40.072718
16.097727 40.0727196
16.098508 40.072723
15.8702142 40.07275
16.098775 40.072763
16.098953 40.072767
16.100582 40.072772
16.099281 40.072783
15.9936518 40.0728095
16.0967246 40.0728118
16.099143 40.0728129
16.100217 40.072862
16.0965714 40.0728697
16.098737 40.072887
16.097604 40.0728872
15.9932649 40.0728925
16.0529164 40.0728952
16.052755 40.0729033
16.096462 40.072907
16.098763 40.072933
16.0975785 40.0729366
16.100337 40.07296
16.098715 40.072963
16.10061 40.07297
16.0992979 40.0729749
16.0975502 40.0729913
16.100566 40.073005
16.098255 40.0730379
16.099425 40.073047
16.100525 40.073048
16.099263 40.07306
16.0975118 40.0730649
16.097933 40.07307
16.098152 40.073088
16.0999969 40.073093
16.099888 40.07312
16.0974773 40.0731295
16.0993122 40.073132
16.09627 40.073135
16.096255 40.073137
15.7467672 40.0731404
16.096232 40.073152
16.099478 40.073153
16.099703 40.073173
16.0511464 40.0731782
16.097893 40.07318
16.099612 40.073188
16.100205 40.0731899
16.1001179 40.073192
16.10039 40.073197
16.100417 40.073208
16.0964579 40.073228
16.098833 40.07323
16.09841 40.073233
16.098252 40.0732349
16.098322 40.07325
16.09841 40.073263
16.099401 40.073271
16.098275 40.07329
16.098513 40.07329
16.100417 40.07329
16.100008 40.073293
16.1005949 40.073295
16.098358 40.0732969
16.100593 40.0733
16.098775 40.073322
16.1000729 40.07333
16.1002223 40.0733355
16.100527 40.073337
16.098372 40.07334
16.100362 40.073365
16.1003979 40.073382
16.100341 40.073384
16.100658 40.073395
16.100535 40.073407
16.100583 40.073407
16.1010109 40.0734096
16.100603 40.07341
16.100097 40.073417
16.100297 40.073417
16.098904 40.073428
16.100045 40.07344
16.099892 40.073478
16.098585 40.073495
16.099815 40.073503
16.09957 40.073538
16.09951 40.073555
16.0997122 40.0735789
16.099393 40.073602
16.098862 40.073612
16.09296 40.073635
16.09935 40.0736599
16.0986422 40.0736785
16.099328 40.073693
16.100612 40.0737
16.092712 40.073707
16.09842 40.07371
16.0987839 40.073763
16.100618 40.073773
16.0992531 40.073782
16.1006591 40.0737934
16.098645 40.0738207
16.0986454 40.0738426
16.098633 40.073875
16.099151 40.0739189
16.0986191 40.0739966
16.0996099 40.074315
16.0995895 40.0743581
16.099813 40.074533
15.777538 40.0746421
16.1559414314639 40.0748031823489
15.745916 40.074849
15.745919 40.07485
16.1993702 40.0748853
15.75497 40.074942
15.754824 40.075024
15.754829 40.075028
15.754829 40.075031
15.754909 40.075051
15.754829 40.075055
15.754909 40.075057
15.754764 40.075187
15.755126 40.075272
15.755124 40.075278
15.755126 40.07528
15.754923 40.07531
16.0977574 40.075342
15.7552769 40.075424
15.755103 40.075459
16.09929 40.07567
15.755268 40.075703
15.755323 40.075708
15.7554295 40.0757766
16.097932 40.075842
15.782494 40.075952
15.755382 40.075987
15.77666 40.07607
15.7556256 40.0761497
15.756092 40.076199
15.754632 40.076379
15.7556404 40.0764192
15.755355 40.076457
16.0961311724039 40.0764634295724
15.7556643 40.0764862
15.75465 40.076513
15.755178 40.076571
15.782565 40.076583
15.782564 40.07659
16.2007249 40.076593
15.754979 40.076614
16.2005427 40.076626
15.7550091 40.0766516
15.754751 40.076668
15.754609 40.076763
15.754965 40.07677
15.755278 40.076851
15.755363 40.076891
15.754691 40.076916
15.7549739 40.0769262
15.755233 40.0769329
15.7547612 40.0769362
15.754739 40.0769498
16.199887 40.077065
15.755804 40.0771736
15.755677 40.077195
15.756087 40.0772084
15.7559207 40.0772443
15.756126 40.077265
15.7560307 40.0773859
16.204563 40.077605
15.758791 40.077634
15.756169 40.077636
15.756166 40.077637
15.756103 40.07764
15.75616 40.07764
15.756161 40.077651
15.757596 40.077694
16.20514 40.077722
15.7558778 40.0777502
15.756428 40.077759
15.75884 40.077761
16.2051279 40.077765
16.0974623 40.0778176
16.200119 40.0778195
15.756563 40.077837
16.2001444 40.0778679
16.200193 40.077868
15.7588887 40.0778951
15.756459 40.0779039
15.75499 40.0779411
15.756396 40.077962
15.756691 40.077962
15.756628 40.078062
15.756223 40.078082
16.1982582 40.0781135
15.756662 40.078126
15.756654 40.078156
15.756666 40.078163
15.756652 40.07817
15.75884 40.078172
16.204373 40.078223
15.756472 40.07823
16.204348 40.07829
15.756341 40.078291
15.75616 40.078299
15.756718 40.078331
15.75625 40.0783569
15.756604 40.078362
16.2006869 40.078373
16.204963 40.07839
15.7564545 40.0784087
16.2014693 40.0784558
15.7589333 40.078472
15.7565186 40.0784928
15.755832 40.078507
15.755831 40.07851
15.7589376 40.0785192
15.756178 40.078542
15.756533 40.078542
15.7565792 40.078604
15.755887 40.078632
15.7566065 40.078645
15.756138 40.078659
15.7566187 40.0786633
15.75561 40.078671
15.755621 40.078677
15.755607 40.0786779
15.7572537 40.078687
16.20001 40.078695
15.75568 40.078701
15.756517 40.078711
16.203593 40.078712
15.7573039 40.0787179
16.2036 40.078727
15.757325 40.0787679
15.75733 40.078772
15.7573773 40.0787751
16.2016487 40.0787752
15.756329 40.078776
15.756317 40.078781
15.757326 40.078783
15.7573994 40.0787937
16.203643 40.078802
15.757389 40.078817
16.20574 40.0788174
15.756267 40.078832
15.7574457 40.0788373
16.202505 40.078845
15.756746 40.078855
16.203642 40.07886
16.205782 40.07886
15.75728 40.078864
15.7575266 40.0788658
15.756137 40.078883
15.757302 40.078885
15.7575973 40.0789228
16.203808 40.078942
15.756154 40.079011
15.755895 40.0790239
15.7559 40.079033
15.7576785 40.0790356
15.756151 40.07906
15.756182 40.079093
15.759052 40.079155
15.7593353 40.0791648
15.756246 40.079165
15.756261 40.079169
15.7593506 40.0791712
15.7578587 40.0791756
15.755771 40.079198
15.755749 40.079206
15.755764 40.079208
15.759733 40.07922
15.760502 40.079225
15.757781 40.0792519
15.755863 40.079263
15.755416 40.079273
16.2020702 40.0793036
16.204705 40.079333
16.203672 40.079338
15.758927 40.079348
15.755576 40.079363
16.2013143 40.0793657
15.755578 40.079375
16.2058067 40.0793827
15.7604144 40.079388
15.75583 40.079419
15.755821 40.07942
15.757892 40.079424
15.755825 40.079427
15.7560261 40.0794354
15.7560247 40.0794405
16.203767 40.079452
15.7560207 40.0794546
15.754917 40.079461
15.758887 40.079468
15.7580239 40.0794783
15.755016 40.0794799
15.754813 40.0794834
15.7579555 40.0794864
15.7546936 40.0795142
16.200982 40.0795249
15.7560171 40.079529
15.754578 40.079531
15.755499 40.079532
15.754959 40.079538
15.755678 40.0795389
15.755904 40.079548
15.754948 40.07955
15.75509 40.079551
15.755896 40.079552
16.203639 40.079564
16.2010739 40.079567
15.7560934 40.0795999
15.7581245 40.0796049
15.7554951 40.0796095
15.7554723 40.0796102
15.755662 40.079611
15.754574 40.079624
15.754518 40.079625
15.755784 40.079628
15.7555711 40.0796357
15.758799 40.079636
16.201173 40.079637
15.7561328 40.0796376
15.755335 40.079647
15.755549 40.079648
15.7556038 40.0796482
15.8553023 40.0796537
16.204038 40.0796599
15.7552819 40.0796668
16.2042879 40.079667
16.201657 40.07967
15.755463 40.079672
16.203575 40.079693
16.202919 40.0796966
16.2042879 40.079711
16.204017 40.079723
16.203398 40.079732
15.755515 40.079746
16.204254 40.079749
15.756088 40.079756
16.20139 40.079757
15.7556656 40.0797689
15.758179 40.079789
16.2035139 40.079793
15.759083 40.07982
16.201325 40.079833
15.758591 40.07985
16.203967 40.079859
16.203639 40.0798739
16.204781 40.079876
16.203907 40.079878
16.204182 40.079887
16.204318 40.07989
15.756417 40.079894
16.203927 40.079903
16.202217 40.079907
16.203243 40.079912
16.204312 40.079957
16.202845 40.07996
16.203245 40.079968
16.204319 40.079977
16.2013938 40.080033
16.203936 40.080037
16.20166 40.08005
16.2042569 40.08006
16.205122 40.080065
16.204002 40.080075
16.201723 40.08008
16.201765 40.080095
16.2039305 40.080097
16.202188 40.080098
16.2038132 40.0801085
16.2022 40.080135
16.20513 40.080137
16.203264 40.08014
16.201523 40.080148
16.203933 40.08019
16.204033 40.0802
16.201563 40.080228
16.204037 40.080233
16.2032552 40.0802331
16.2044919 40.0802369
15.758905 40.08025
16.203578 40.080266
16.203123 40.080273
16.201699 40.080306
16.2060974 40.0803262
16.204192 40.080328
16.2045098 40.0803308
16.203677 40.080332
16.201883 40.080345
16.201899 40.080348
16.204348 40.08039
16.201922 40.080393
16.203566 40.080401
16.204947 40.0804029
16.204382 40.080404
16.204528 40.080432
16.204448 40.080433
16.1388725 40.0804405
16.205143 40.080445
16.204157 40.080456
16.2041371 40.0804598
16.203547 40.08046
16.203713 40.08048
16.203427 40.080508
16.203618 40.080519
16.204071 40.080521
16.203226 40.080549
16.205065 40.080553
16.203682 40.080587
16.203625 40.08061
16.203602 40.080624
16.205215 40.080628
16.2054565 40.0806474
16.204277 40.0806619
16.2039877 40.0806725
16.204355 40.080685
16.204922 40.080688
16.2047649 40.080692
16.204918 40.080704
16.204578 40.0807069
16.204399 40.080709
16.203345 40.080712
16.203928 40.080712
16.203877 40.080713
16.203981 40.080743
16.2049931 40.0807495
16.2037045 40.0807558
16.201467 40.080757
16.204807 40.080763
16.204495 40.080799
16.2024154 40.080811
16.204622 40.080834
15.745775 40.080837
16.201248 40.080843
16.203428 40.0808449
16.203523 40.080883
16.204793 40.0808899
16.201417 40.080892
16.2040219 40.0808956
16.2024265 40.0809057
16.203352 40.080908
16.2039319 40.080908
16.203578 40.08091
16.203975 40.08093
16.1999498 40.0809499
16.205188 40.080961
16.205278 40.080988
16.203816 40.080989
16.204787 40.081003
16.204566 40.081005
16.204262 40.081023
16.204695 40.081032
16.2003957 40.0810376
16.2054782 40.0810441
16.202529 40.0810477
16.204397 40.081048
16.202955 40.081055
16.205668 40.08106
16.20564 40.0810699
16.205558 40.081073
16.204018 40.081075
16.204525 40.081083
16.204789 40.08109
16.203242 40.081091
16.202775 40.081129
16.203417 40.081142
16.202848 40.081155
16.2045749 40.081172
16.204254 40.081178
16.205006 40.081193
16.203524 40.081217
16.204495 40.081227
16.203415 40.081252
16.203718 40.081276
16.203725 40.081277
16.204368 40.081278
16.2046579 40.081293
16.204686 40.081305
16.205873 40.081313
16.204222 40.081332
16.204804 40.081336
16.2047789 40.081346
15.9014833 40.0813525
16.2050446 40.081353
16.2031864 40.0813535
16.201048 40.081368
16.2028595 40.0813878
16.204923 40.081407
16.2026621 40.0814255
16.203375 40.08143
16.205035 40.081439
16.204642 40.081443
16.2034686 40.0814471
16.2042259 40.081456
16.203668 40.08147
15.7363142504247 40.08147450058
16.205852 40.08149
16.203867 40.0814978
16.2019561 40.0815075
16.202547 40.08151
16.2042569 40.081516
16.2053475 40.0815259
16.205063 40.081527
16.204462 40.081538
16.20599 40.081543
16.205037 40.08155
16.20401 40.081553
16.205908 40.081573
16.203855 40.081577
16.20447 40.081579
16.204516 40.081581
16.2043779 40.081583
16.205988 40.081605
16.205853 40.081613
16.2046129 40.081618
16.201498 40.0816299
16.205608 40.081643
16.205895 40.081662
16.203612 40.081677
16.205135 40.081688
16.2015293 40.0816981
16.205995 40.08172
16.204102 40.08173
16.201193 40.0817369
16.204937 40.081738
16.204515 40.081745
16.205998 40.081747
16.205773 40.08175
16.204637 40.081765
16.205058 40.0817679
16.204152 40.081777
16.204193 40.0817819
16.204653 40.08179
16.206143 40.081803
16.205587 40.081807
16.2008629 40.081812
16.205523 40.081815
16.20438 40.081818
15.9020542 40.08183
16.204468 40.081833
16.205168 40.081835
16.202832 40.081855
16.205312 40.081873
16.202617 40.081885
16.2059018 40.0818936
15.768956 40.081897
16.2031873 40.0819003
15.768959 40.0819029
16.206328 40.081927
16.205407 40.08195
16.203145 40.081959
16.2026 40.081967
16.2022799 40.08197
16.2060149 40.0819743
16.205789 40.081976
16.206373 40.081998
15.769367 40.082031
16.2065069 40.082073
16.2062579 40.0820999
16.205759 40.082142
16.206397 40.0821479
16.206111 40.082177
16.202978 40.082185
16.206171 40.082228
16.203095 40.082248
16.2058019 40.08225
16.2018169 40.082277
16.206317 40.08228
16.205836 40.082287
16.203003 40.082318
16.202991 40.082322
16.20192 40.082338
16.205953 40.082356
16.206125 40.082356
16.2017884 40.0823801
15.772175 40.082388
16.201759 40.082443
15.8355038 40.0824736
16.201634 40.082479
16.191271 40.0825
15.8354186 40.0826174
15.8354189 40.0826288
15.8354211 40.0826324
15.8353881 40.0826807
15.8094772475137 40.0826863531739
16.0116813876999 40.0836826239806
15.7154765 40.083842
15.7155138 40.083851
15.738722 40.0838944
15.7154935 40.0839002
15.7154506 40.0839048
15.744561 40.0839519
16.206655 40.0841311
16.2080151 40.0842844
15.751083 40.08448
16.2090576 40.0846833
16.32665 40.0847006
16.2091538 40.0848753
16.3266 40.084939
16.2077947 40.0849724
16.3269345 40.0853045
16.3269627 40.085382
16.326745 40.085453
16.2092924 40.0855786
16.327771 40.0859421
16.0127608 40.0861674
16.013532 40.086243
16.0169575 40.0863913
15.779273 40.086396
15.779281 40.086401
16.0138399 40.086416
16.327816 40.086443
16.013302 40.086495
16.013387 40.086495
16.0168559 40.0864956
16.32792 40.086505
15.774077 40.086608
16.328088 40.086611
16.012987 40.086627
16.01371 40.086635
16.0137207 40.0866393
16.012795 40.086652
16.327948 40.086657
16.01343 40.0866929
16.013642 40.086697
16.0166949 40.0867136
16.013403 40.0867179
16.329657 40.08672
16.013237 40.08673
16.33042 40.086733
16.013683 40.086753
16.0166676 40.0867539
16.330597 40.08681
16.327754 40.0868268
16.3312331 40.0868309
16.330112 40.086847
16.01268 40.08685
16.012667 40.086858
16.011993 40.086863
16.0134219 40.086875
16.0165188 40.0868762
16.330418 40.0868899
16.01323 40.086892
16.330825 40.086905
16.329547 40.08692
16.0145965 40.0869213
16.014145 40.086943
16.01287 40.086945
16.3312894 40.0869456
16.012368 40.086955
16.328769 40.08696
16.330603 40.086973
16.330569 40.086982
16.329462 40.0869829
16.330218 40.0869829
16.012177 40.086992
16.0130284 40.0869952
16.013282 40.0869974
16.33039 40.087007
16.330594 40.087021
16.01338 40.0870279
16.013248 40.087033
16.0117732 40.0870363
16.012398 40.087037
16.3301729 40.087037
16.0133249 40.087038
16.330569 40.087041
16.0127842 40.087045
16.013437 40.08706
16.3294122 40.0870697
16.016471 40.08708
16.330039 40.0870869
16.0130969 40.087092
16.012255 40.087095
16.012717 40.087097
16.330735 40.087097
16.328812 40.0871
16.0130136 40.0871044
16.329885 40.087105
16.013915 40.087124
16.012135 40.087127
16.0163939 40.087142
16.016368 40.087155
16.014305 40.087157
16.329157 40.087162
16.3304528 40.0871694
16.3304489 40.0871829
16.330763 40.087185
16.012867 40.087192
16.0159652 40.0871992
16.330293 40.087205
16.33041 40.087213
16.0116553 40.0872133
16.016102 40.087215
16.01454 40.087228
16.0159272 40.087229
16.3293741 40.0872301
15.774763 40.0872389
16.011973 40.08725
16.0158935 40.0872558
16.016252 40.087271
16.3301729 40.087285
16.0117165 40.0872874
16.0158281 40.087294
16.016208 40.087295
16.0123399 40.087312
15.774741 40.0873149
16.013635 40.087327
16.011472 40.087332
16.01357 40.087338
16.01615 40.087341
16.013727 40.087352
16.016074 40.087364
16.330393 40.087372
16.016018 40.0873739
16.014207 40.087378
16.012563 40.08738
16.0122176 40.087423
16.328603 40.087423
16.328622 40.087425
16.0114087 40.0874294
16.011322 40.087445
16.010538 40.087452
16.011335 40.087452
16.01583 40.087452
16.011492 40.0874528
16.0159759 40.087456
16.014222 40.08746
16.015823 40.08747
16.011855 40.087475
16.013767 40.087483
16.01429 40.0875
16.014305 40.087505
16.014288 40.087508
16.329052 40.087518
16.329017 40.087528
16.328727 40.087537
16.010722 40.087542
16.329065 40.087553
16.330572 40.087553
16.328707 40.08756
16.0150957 40.0875868
16.011745 40.087592
16.0142264 40.0876187
16.011348 40.087622
16.01175 40.087622
16.01416 40.087622
15.9835077 40.0876288
16.010755 40.087632
16.0150599 40.0876473
16.0104764 40.0876785
16.0094 40.087682
16.011702 40.087687
16.328387 40.08772
16.010388 40.087728
16.3284171 40.0877287
16.329237 40.08773
16.328648 40.087735
16.32868 40.0877399
15.781612 40.087772
16.01186 40.087775
16.010473 40.087783
16.329263 40.087823
16.0119608 40.0878257
16.329201 40.0878749
16.00883 40.087877
16.328732 40.087878
16.010792 40.087886
16.011625 40.087893
16.0088894 40.0878937
16.012008 40.087903
15.781472 40.087911
16.328712 40.087915
16.011607 40.087918
16.0122914 40.0879183
16.009693 40.087933
16.0092092 40.0879463
16.01101 40.087947
16.01136 40.08796
16.010902 40.087977
16.0106867 40.0879799
16.01228 40.087989
16.328983 40.087993
16.008735 40.087997
16.009533 40.088001
16.011797 40.088012
16.0096029 40.088018
16.0122329 40.088026
16.010855 40.088032
16.0110168 40.0880351
16.009677 40.088045
16.329498 40.088048
16.00977 40.088053
16.011956 40.088054
16.011704 40.0880579
16.010807 40.088067
16.010403 40.088077
16.012761 40.088086
16.011261 40.088088
16.0038591 40.0880891
16.010775 40.08809
16.009683 40.0881029
16.011077 40.088104
16.329033 40.088108
16.329233 40.088109
16.0098379 40.08811
16.011601 40.08811
16.011206 40.088111
16.011193 40.088116
16.0111974 40.0881169
16.00997 40.088118
16.008791 40.088119
16.0041355 40.0881246
16.328943 40.088128
16.008867 40.088135
16.009092 40.08814
16.0110959 40.088164
16.010783 40.088168
16.00967 40.088178
16.324189 40.0881872
16.010987 40.088188
16.009767 40.0881929
16.3297228 40.0881963
16.011631 40.088207
16.0118769 40.08822
16.010752 40.088232
16.3297204 40.0882372
16.0107764 40.0882436
16.329225 40.088245
16.3297199 40.0882456
16.0119079 40.08827
16.011722 40.0882829
16.32904 40.0882829
16.008571 40.088304
16.329 40.088308
16.009948 40.088322
16.010708 40.088348
16.0077958 40.0884019
16.329612 40.088403
16.009813 40.088417
16.00935 40.088423
16.329595 40.088423
16.007967 40.088424
16.008485 40.0884379
16.009587 40.0884379
16.009705 40.088448
16.009223 40.08845
15.9824314 40.0884561
16.0106342 40.0884567
16.007406 40.088484
16.010077 40.088487
16.009438 40.088488
16.00948 40.088502
16.008475 40.088507
16.009982 40.088509
16.009976 40.088522
16.00929 40.0885279
16.00844 40.088532
16.009295 40.088543
16.007545 40.088548
16.0105967 40.0885488
16.009292 40.088558
16.009288 40.08856
16.010143 40.088565
16.00997 40.088588
16.329213 40.088607
16.010207 40.08861
16.007314 40.088637
16.005225 40.088645
16.0105699 40.0886499
16.010067 40.088654
16.0098619 40.088676
16.010327 40.088684
16.007243 40.088685
16.0105587 40.0886899
16.329637 40.08869
16.009802 40.088695
16.010252 40.0887079
16.009998 40.088733
16.0121012 40.0887346
15.8392408 40.0887347
16.328943 40.088735
16.0105593 40.0887381
16.209781 40.0887534
16.0105584 40.0887553
16.007797 40.088773
16.009583 40.088773
16.010247 40.088775
16.0097549 40.088776
16.009615 40.088788
16.009817 40.08879
16.010138 40.088792
16.0052748 40.0888081
16.00513 40.08881
16.010638 40.088833
16.009329 40.088841
16.010205 40.088842
16.007302 40.088847
16.007227 40.088852
16.0093977 40.0888528
16.3290289 40.088857
16.009015 40.088858
16.007682 40.0888769
16.010595 40.0888769
16.0064565 40.0888817
16.0066335 40.0888817
16.0050427 40.0888819
16.0080708 40.0888875
16.007143 40.088892
16.009153 40.088902
16.007807 40.088907
16.010098 40.088912
16.0096649 40.088913
16.209712 40.088915
16.008119 40.088916
16.00964 40.088918
16.009234 40.0889189
16.0106883 40.088922
16.329152 40.088952
16.2097229 40.0889652
16.010168 40.088982
16.009805 40.089
16.328914 40.089014
16.0096803 40.0890169
16.010125 40.08902
16.329127 40.08903
16.3297904 40.0890526
16.3293798 40.0890573
16.010228 40.089065
16.010092 40.08907
16.3298658 40.0890733
16.3293052 40.0890814
16.0105681 40.0890895
16.329237 40.089098
16.3292815 40.0891099
15.781512 40.089112
16.3292726 40.0891388
16.010242 40.089143
16.010282 40.089143
16.01029 40.089157
16.3299251 40.0891578
16.329787 40.089175
16.0098379 40.0891779
16.0106598 40.0891947
16.32933 40.089197
16.01003 40.089217
16.3299078 40.0892253
16.329793 40.089232
16.0106744 40.0892431
16.00705 40.089253
16.010282 40.089258
16.00972 40.089278
16.00968 40.089288
16.010305 40.089302
16.3299335 40.0893187
16.32964 40.089358
16.007325 40.08936
16.0108588 40.0894056
16.0098044 40.0894573
16.0097169 40.08946
16.0105499 40.08949
16.0104 40.08954
16.010519 40.08961
16.0102768 40.0896124
16.0103079 40.089639
16.330013 40.089675
16.0109786 40.0896842
16.3298753 40.0896993
16.01058 40.089787
16.0103833 40.0898117
16.0103079 40.089832
16.3299739 40.0898334
16.010503 40.089867
16.0106578 40.0899472
16.0106499 40.090035
16.0109197 40.0900804
16.010085 40.090083
16.0109238 40.0901905
16.01023 40.09033
16.010942 40.090348
16.01083 40.090513
16.010803 40.090559
16.010821 40.090651
16.010392 40.090778
15.8150892 40.0909077
16.010912 40.090993
16.010727 40.091045
16.0107389 40.0910963
16.01074 40.0911438
15.814889 40.091187
15.814902 40.091205
16.0098984 40.0912153
16.010007 40.091302
16.0109606 40.0913775
16.0109913 40.0915797
16.0108528 40.0917531
16.2051926016703 40.0917579589806
16.010958 40.0918
16.010936 40.09182
16.010971 40.091943
16.011085 40.0921049
16.0109679 40.0921329
16.0110401 40.0921381
16.010933 40.092223
16.011093 40.092245
16.011017 40.092247
16.0111269 40.092502
16.010758 40.092533
16.011017 40.092619
15.8088492 40.0927041
15.761326 40.092716
15.761324 40.092734
16.0112004 40.0930406
16.0111199 40.093235
15.790589 40.093269
16.011123 40.093412
16.011113 40.0934669
16.011122 40.093507
15.790995 40.0938425
15.791003 40.093854
15.9237639 40.0947842
15.7950565 40.0948497
16.3297996705388 40.0979375483197
15.932693 40.102069
15.77798 40.105337
15.777971 40.105345
15.7780785 40.1053683
15.78448 40.1056079
15.784476 40.105613
15.784481 40.105613
15.8968494 40.1095342
15.896361 40.109563
15.8968373 40.1095836
15.897031 40.1097148
15.8970615 40.1097171
15.9452281 40.1106412
15.7816602 40.110961
16.1683129 40.112051
16.168708 40.112223
16.16865 40.112297
16.168645 40.112323
16.1677207 40.1127436
16.1718477 40.1127617
16.1713262 40.1128632
16.16862 40.1130179
16.1708605 40.1131031
16.2172282 40.1131665
16.1689537 40.1133295
16.1671124 40.1133911
16.16709 40.113397
16.1708127 40.1134949
16.1697503 40.1135753
16.169448 40.113582
16.171401 40.1135884
16.171373 40.113625
16.169767 40.1136399
16.171448 40.113642
16.169349 40.113645
16.169717 40.113648
16.1719093 40.1136605
16.16959 40.113663
16.168003 40.1137062
16.1675472 40.1137231
16.1675079 40.1137235
16.1675472 40.1137625
16.169988 40.113765
16.1669626 40.1137785
16.170086 40.113781
16.170072 40.113831
16.169787 40.113833
16.16764 40.113842
16.16775 40.113857
16.167781 40.113863
16.167835 40.113869
16.170085 40.113875
16.169631 40.113901
16.1683093 40.113905
16.170088 40.113907
16.169023 40.113918
16.16779 40.113925
16.16823 40.113947
16.1689998 40.1139713
16.169007 40.1139719
15.7806171 40.1139806
16.170013 40.113988
16.169128 40.114027
16.16929 40.1140282
16.1680199 40.114029
15.7806308 40.1140549
16.1677019 40.1140649
16.1683549 40.114107
16.170043 40.1141379
16.1668504 40.1141425
16.167468 40.114145
16.168177 40.114167
16.168197 40.11419
16.170025 40.1142169
16.167747 40.114228
16.168282 40.11423
16.1689523 40.1142415
16.1685658 40.1142791
16.16785 40.114282
16.1685576 40.1142863
16.169165 40.114313
16.1679989 40.114327
16.169994 40.114334
16.16771 40.114345
16.1686657 40.114354
16.167722 40.114367
16.167539 40.114386
16.1668199 40.1144033
16.169989 40.114409
16.167762 40.11441
16.167065 40.114423
16.1670764 40.1144268
16.169337 40.1144279
16.167032 40.114435
16.169258 40.11444
16.1692105 40.1144472
16.1693168 40.1144583
16.170049 40.114464
16.1679233 40.1144693
16.166837 40.114478
16.166549 40.114509
16.166915 40.1145179
16.1669884 40.1145401
16.168278 40.114568
16.168168 40.114588
16.168346 40.114613
16.1673889 40.1146372
16.167382 40.114638
16.167658 40.11464
16.167715 40.114647
16.167728 40.114647
16.1681238 40.1146848
16.169068 40.1147909
16.1685413 40.114806
16.168345 40.114807
16.168448 40.11481
16.1679229 40.114827
16.167642 40.114835
16.1682082 40.1148567
16.168023 40.114863
16.1678899 40.1149373
16.1674657 40.1149773
16.16892 40.1150329
16.168882 40.115058
16.167125 40.115122
15.9833333 40.1166667
15.9388627 40.1167413
15.7651514 40.1207213
15.765035 40.1207769
15.765042 40.120793
15.7652757 40.1208356
15.764944 40.1208389
15.7657195 40.1210602
15.764849 40.121061
15.7656884 40.1210709
15.7653016 40.121144
15.7652997 40.121145
15.765745 40.121167
15.765729 40.12117
15.7646713 40.1212198
15.764764 40.121233
15.766326 40.121245
15.7648537 40.1212476
15.7649038 40.1212576
15.765256 40.121316
15.76553 40.121372
15.765524 40.12138
15.7642957 40.121403
15.7641373 40.121551
15.7629376 40.1215704
15.765207 40.121684
15.765163 40.1216902
15.765184 40.121713
15.765196 40.12172
15.765307 40.121722
15.7639627 40.121754
15.765037 40.1218379
15.7652625 40.1219356
15.765264 40.122039
15.765245 40.12205
15.767467 40.122123
15.7652736 40.1221504
15.767421 40.122163
15.76647 40.1222489
15.766341 40.122269
15.765451 40.122295
15.766679 40.122334
15.766478 40.122355
16.207588 40.122365
15.766835 40.122366
15.765921 40.122381
15.7660085 40.1223881
15.7659044 40.1223966
15.766272 40.122423
15.7653824 40.1224627
15.7653762 40.1225411
15.7655236 40.1225729
16.2134543 40.122635
15.7626446 40.1226462
15.76583 40.122746
15.7669352 40.1227669
16.213659 40.122775
16.2133809 40.12279
15.765391 40.12281
15.767745 40.12281
15.767744 40.122814
16.213459 40.122826
16.212109 40.1228369
15.767789 40.122842
15.767653 40.12285
15.7668755 40.1228503
15.7655354 40.1228691
15.765344 40.122898
15.767393 40.122902
15.7655541 40.1229122
15.762801 40.122917
16.212498 40.122922
15.7655642 40.1229336
16.2096858 40.1229452
15.7655747 40.1229548
15.7655853 40.122976
16.2144798 40.1229833
16.2103043 40.1230448
15.859928 40.1231004
15.765547 40.123112
15.767009 40.123134
16.2122962 40.1231573
15.7670816 40.1231588
15.767725 40.123169
16.210227 40.123181
15.767004 40.123188
15.767603 40.12319
15.7655433 40.1232247
15.767822 40.12325
16.210573 40.123254
16.210641 40.123269
15.7657252 40.1232699
15.765206 40.123273
15.767841 40.123291
15.765577 40.1232929
16.2147277 40.123333
15.763226 40.123343
15.7657714 40.1233526
15.765183 40.123357
15.765911 40.123367
15.76578 40.123373
15.765144 40.123384
15.76779 40.123415
15.765411 40.123444
15.7653249 40.1234538
15.765026 40.123465
15.767821 40.1235
15.765578 40.1235069
15.7613881 40.1235309
15.765069 40.1235349
15.765151 40.123537
15.76713 40.123604
16.2124279 40.1236134
15.76712 40.123617
15.767239 40.123644
15.767128 40.123661
16.21187 40.12367
15.767473 40.12369
15.767453 40.123691
16.2118949 40.123697
16.212385 40.1237824
16.213655 40.123792
16.212768 40.123802
16.21252 40.123815
15.7681974 40.1238255
15.7641617 40.1238559
15.767318 40.123865
16.212559 40.1238793
15.7631315 40.1238795
16.211712 40.12392
16.211994 40.123933
16.21337 40.123953
15.7673188 40.1239586
15.7638657 40.1240373
16.21478 40.124082
15.764359 40.124101
16.213815 40.124117
16.216868 40.124118
15.764354 40.1241259
15.764592 40.124129
15.762306 40.124133
15.7639181 40.1241479
15.7611121 40.1241672
15.763645 40.124176
16.21345 40.124195
15.7681326 40.1242042
15.7613632 40.1242101
16.213898 40.124228
16.214158 40.124228
16.214772 40.124228
15.764541 40.124249
16.2136955 40.124252
15.7642376 40.1242842
15.765371 40.124285
16.2141069 40.1243
15.76109 40.124314
16.2142733 40.1243339
15.7682841 40.1243389
16.213958 40.124342
16.213517 40.124343
15.762805 40.124367
16.2140729 40.124383
16.21437 40.1244
15.762745 40.12442
15.764114 40.1244264
15.7687324 40.124459
15.7687852 40.1244668
15.760807 40.1245362
15.7672316 40.1245963
15.7646786 40.1246042
15.760716 40.124609
16.213955 40.124637
15.769059 40.1246612
16.2135864 40.1246642
16.214185 40.124665
16.2144388 40.1247002
15.766518 40.124713
15.765633 40.12475
15.766443 40.124758
15.763961 40.1247649
15.76426 40.124773
16.2139029 40.124777
15.76432 40.124792
15.7630887 40.1247925
16.2145 40.124803
15.76432 40.124814
15.766248 40.124815
15.766361 40.124823
15.764049 40.1249619
15.763818 40.12497
15.764161 40.124992
16.215293 40.125027
15.764147 40.125028
15.764127 40.125036
15.765478 40.1250799
16.2200714 40.1250973
15.7654514 40.1251112
16.2161404 40.1251138
15.7654469 40.1251217
15.763845 40.12513
16.2154719 40.125208
15.76392 40.125285
15.764125 40.12529
16.215602 40.125295
15.7603292 40.1253496
15.763549 40.125414
15.763938 40.125434
16.2189419 40.125462
15.763804 40.125482
15.760386 40.125483
15.760359 40.1255
15.763957 40.125518
16.2155445 40.1255244
16.2152 40.12556
16.2156736 40.1255775
15.765009 40.125593
15.764101 40.125603
15.7639522 40.1256103
16.153702 40.1256119
15.7630582 40.1256242
15.763043 40.1256393
15.764981 40.125701
15.7639859 40.1257442
15.7644673 40.1257556
15.7649666 40.1257609
15.763852 40.125762
16.2168276 40.1257655
15.7623182 40.1258272
16.153935 40.12589
15.7638448 40.1258982
15.762003 40.125917
15.764565 40.1259299
15.7638176 40.1259408
15.764345 40.125949
15.764452 40.125991
15.7637412 40.1260684
15.764723 40.126078
15.7637373 40.1260913
15.763773 40.126092
15.7637368 40.1260941
15.7665371 40.126197
15.764506 40.126249
16.1558964 40.1262509
15.7637059 40.1262748
15.7646022 40.1262833
15.7664807 40.1263397
16.1551036 40.1263901
15.764465 40.126398
15.7637197 40.1264564
15.76446 40.126542
15.764449 40.126575
15.763663 40.126578
15.7637335 40.1266449
16.154641 40.126677
15.763587 40.126733
15.7636154 40.1267467
15.764668 40.126754
15.762184 40.126768
15.7636244 40.1268127
15.7636014 40.1268487
15.764651 40.126875
16.1555277 40.1268771
16.155823 40.126905
15.7631772 40.1269145
15.763516 40.126945
15.764511 40.126949
16.1501317160941 40.1269737937911
16.1556368 40.1269813
15.764621 40.127002
15.7631524 40.1270698
15.763167 40.127092
16.154483 40.1271535
15.7645137 40.1271684
16.155073 40.1272049
15.76345 40.127246
15.7634015 40.1272596
15.763329 40.127265
15.763034 40.127631
15.7633214 40.127636
16.1546102 40.1276653
16.1555384 40.1277287
15.763235 40.12776
15.764139 40.127892
15.7641452 40.1278946
15.76419 40.127981
15.763292 40.127989
15.76369 40.128013
15.7637864 40.1280723
15.763371 40.128236
15.759977 40.128239
15.759968 40.128266
15.7586 40.128359
15.759332 40.12849
15.7635264 40.1285617
15.759001 40.128564
15.758304 40.128613
15.7634429 40.12867
15.763429 40.1287011
15.7633447 40.1287342
15.758948 40.12876
15.76132 40.12876
15.758939 40.128762
15.759964 40.128889
15.7663132 40.1291239
15.7668448 40.1292254
15.7669113 40.1293008
15.7667552 40.1293196
15.7665254 40.1294389
16.2434127 40.1294573
15.7664326 40.1294637
15.7662696 40.1295627
16.2425989 40.1296035
15.7658634 40.1296671
15.7600475 40.1301122
15.76079 40.13026
15.7620327 40.1307094
15.758453 40.130952
15.761703 40.131246
15.76057 40.13152
15.7604065 40.1317184
15.7604062 40.1317189
15.7604058 40.1317197
15.7604045 40.131722
15.7604041 40.1317228
15.7604035 40.1317238
15.7604025 40.1317257
15.7604022 40.1317262
15.7604019 40.1317267
15.7604007 40.1317288
15.7604004 40.1317293
15.7603998 40.1317304
15.7603994 40.1317312
15.760399 40.1317319
15.7603987 40.1317325
15.7603977 40.1317343
15.7603971 40.1317353
15.7603956 40.1317379
15.7603953 40.1317385
15.7603945 40.13174
15.7603939 40.1317411
15.7603933 40.1317421
15.7603927 40.1317432
15.7603895 40.1317489
15.760389 40.1317499
15.7603887 40.1317505
15.7603884 40.131751
15.7603881 40.1317515
15.75817 40.13386
15.9293944 40.1345597
15.9293983 40.134565
15.929182 40.134652
15.7595244 40.1383965
15.7587146 40.13917
16.289742 40.143392
16.289472 40.1435869
16.287749 40.143903
16.288112 40.144263
16.2882 40.144365
16.289368 40.1446354
16.2895073 40.1446834
16.2889866 40.1447563
16.2889572 40.1447787
16.28772 40.144987
15.9237229 40.1452474
16.2894 40.1453149
15.9183005 40.1461451
16.1514600800551 40.151762957353
15.9122935 40.1521375
16.3509541 40.1533274
15.9108007 40.1533809
16.3093985643081 40.157391395034
15.7766076192733 40.1575759939047
15.991259 40.160657
15.992748 40.160674
15.993524 40.160789
15.9914285 40.1609647
15.9913562 40.161042
15.993615 40.161065
15.991457 40.161097
15.991249 40.161189
15.9913506 40.1612614
15.993591 40.161543
15.99025 40.16258
15.99267 40.1626
15.9906114 40.1628318
15.9740222639541 40.1628771504399
15.9933386 40.1629207
15.9908014 40.1629361
15.9908038 40.1629374
15.9908054 40.1629383
15.9908098 40.1629407
15.9908113 40.1629416
15.9933832 40.1629469
15.9919207 40.1629608
15.993317 40.1630348
15.989906 40.163333
15.989874 40.163334
15.991358 40.163391
15.9898557 40.1634188
15.99015 40.163553
15.990119 40.163566
15.990096 40.163575
15.9901622 40.1636096
15.9901347 40.1636124
15.9901263 40.1636142
15.9900702 40.1636262
15.9916178 40.1636325
15.9916212 40.1636381
15.9916242 40.163643
15.991631 40.1636542
15.9916447 40.1636767
15.9916501 40.1636856
15.991657 40.1636968
15.9916585 40.1636992
15.9916629 40.1637065
15.991669 40.1637164
15.9916778 40.1637309
15.992198 40.164095
15.9919184 40.1641209
15.992699 40.164568
15.9933529 40.1647795
15.9933527 40.1648311
15.992117 40.164861
15.992089 40.164874
15.9920659 40.1652232
15.9921023 40.1652855
15.992008 40.165322
15.992003 40.165336
15.9932601 40.1653664
15.7807113 40.1775737
16.078452 40.1889309
16.0764608 40.1896935
16.0784522 40.1897081
16.078772 40.1899122
16.07884 40.1899132
16.075341 40.18997
16.0777312 40.1901558
16.077348 40.190412
16.0770449 40.190457
16.074715 40.190514
16.0737282 40.1907314
16.076213 40.190904
16.0743951 40.1909226
16.077416 40.190939
16.07517 40.191118
16.077106 40.191154
16.0777329 40.191343
16.0775722 40.1915964
16.0759033358527 40.2025102770042
