15.8219995018769 40.3793223269382
15.4876573850394 40.4525727684102
15.9783236736962 40.4537089808118
16.282022326835 40.4715891376418
15.9161404219868 40.5299614541035
14.4041014203325 40.6204892849445
15.3621221290817 40.6276523343503
14.6076462021967 40.6364185574885
15.2418786595918 40.6492339645081
14.6354395232609 40.696512257354
14.5366272293182 40.6965779047779
15.308580114544 40.7140077953301
14.7584596795577 40.7191746247257
14.8438620872985 40.7280967511953
14.7800304060072 40.7408080212816
14.8448819931221 40.7790946221149
15.4315561191468 40.7922452425841
15.5931083603436 40.8135734678136
14.571072897769 40.8163826032699
15.1841111596168 40.8615457968485
14.9396161301166 40.8651829613881
15.541018256182 40.8726870103588
15.3720175937547 40.894783529354
14.5649192138893 40.8993157155352
14.7048921591898 40.9003719550642
15.0547109756989 40.9212423019229
14.7253679678135 40.9230371916625
15.1762695765574 40.9236066216799
14.9308884335326 40.9309171765282
14.5595841465944 40.9345106032559
14.547094540115 40.9486627158711
15.0343943542178 40.9658785170598
15.2316940654828 40.9753624347547
15.7064025316708 40.9862817125537
14.5083114197958 41.0272019811383
14.5501744314327 41.0327392489958
14.7469588494596 41.0553484284549
14.8995905716246 41.0861452762241
14.607518210058 41.118329718312
14.9574822765449 41.1285607683591
14.0017367014142 41.3507585656013
