12.41991 43.5585 707.09645 APEC
12.63991 43.1851 802.44517 ATCC
12.57151 43.3666 386.40432 ATFO
12.40731 43.3152 508.986082 ATLO
12.45701 43.4807 574.182285 ATPC
12.35361 43.1979 501.978535 ATTE
12.40661 43.3821 777.658599 ATVO
13.76141 43.1942 763.714876 CADA
13.67011 43.3053 829.928465 CIMA
13.04981 42.9621 894.438564 FEMA
13.11721 42.2680 1009.788308 FIAM
12.93161 43.1886 599.794071 FIU1
13.06741 43.2381 515.131856 GAG1
13.33521 43.0627 595.227487 GUMA
13.90461 42.0115 859.406677 INTR
13.14271 43.1927 611.150662 MDAR
12.99731 43.4418 526.800561 MMUR
13.46931 43.1374 693.158664 MNTP
12.75951 43.6292 567.43471 MPAG
12.52461 43.263 521.934498 MURB
13.53231 43.6077 684.790249 PCRO
12.53501 43.5357 844.742755 PIEI
12.98381 43.1782 1013.587276 PIO1
13.60951 43.3778 347.811703 PP3
13.21451 42.5090 847.222056 RM33
12.94761 43.1468 874.058356 SEF1
13.23311 43.7052 353.793622 SENI
12.94061 43.2550 1132.871659 SNTG
13.25081 42.6573 399.9878 T1201
12.85511 42.5329 448.305652 T1211
13.04461 42.7516 536.795433 T1212
13.20871 42.7595 759.138693 T1214
12.86851 42.8019 948.836448 T1215
13.01901 42.8907 807.157026 T1216
13.11521 42.67 581.329222 T1218
13.44841 42.6966 827.14379 T1243
13.29781 42.757 922.543855 T1244
13.60391 42.6228 1001.284208 TERO
13.31281 43.3112 736.092196 TRE1
