12.4199 43.5585 0.0 APEC
12.6399 43.1851 0.0 ATCC
12.5715 43.3666 0.0 ATFO
12.4073 43.3152 0.0 ATLO
12.4570 43.4807 0.0 ATPC
12.3536 43.1979 0.0 ATTE
12.4066 43.3821 0.0 ATVO
13.7614 43.1942 0.0 CADA
13.6701 43.3053 0.0 CIMA
13.0498 42.9621 0.0 FEMA
13.1172 42.2680 0.0 FIAM
12.9316 43.1886 0.0 FIU1
13.0674 43.2381 0.0 GAG1
13.3352 43.0627 0.0 GUMA
13.9046 42.0115 0.0 INTR
13.1427 43.1927 0.0 MDAR
12.9973 43.4418 0.0 MMUR
13.4693 43.1374 0.0 MNTP
12.7595 43.6292 0.0 MPAG
12.5246 43.263 0.0 MURB
13.5323 43.6077 0.0 PCRO
12.5350 43.5357 0.0 PIEI
12.9838 43.1782 0.0 PIO1
13.6095 43.3778 0.0 PP3
13.2145 42.5090 0.0 RM33
12.9476 43.1468 0.0 SEF1
13.2331 43.7052 0.0 SENI
12.9406 43.2550 0.0 SNTG
13.2508 42.6573 0.0 T1201
12.8551 42.5329 0.0 T1211
13.0446 42.7516 0.0 T1212
13.2087 42.7595 0.0 T1214
12.8685 42.8019 0.0 T1215
13.0190 42.8907 0.0 T1216
13.1152 42.67 0.0 T1218
13.4484 42.6966 0.0 T1243
13.2978 42.757 0.0 T1244
13.6039 42.6228 0.0 TERO
13.3128 43.3112 0.0 TRE1
