14.1847516093686 40.9632745217556
14.2069647835902 40.9711165959238
14.2590086093327 40.9874687475598
14.1363485145974 40.9885854582957
14.0510315675821 40.9897085021269
14.2425117781307 40.9939738324937
14.2171562534349 41.0098964053009
14.1794471737437 41.0174083898939
14.1134973531058 41.0240880733508
14.4669315597509 41.0284943141764
14.2799153070212 41.0529037478665
14.2712434562539 41.0564323489747
14.0282802730403 41.061514081875
14.2470328540581 41.0706289712497
14.1360096752762 41.0740523536369
13.915269981865 41.1096141682992
14.2082416096413 41.1154429886669
13.9630603861133 41.1413037666426
14.1922904523069 41.145239760408
14.2390074231108 41.1461185428734
14.0578261120996 41.1567415775222
14.1753862080045 41.1652920476078
14.436144502015 41.1659211128961
14.3207774444053 41.1690013844336
14.1401106292994 41.1703284077268
14.100521388184 41.1759897786017
14.2178572218745 41.1812413130662
14.3715266974005 41.1831131629354
13.9906623329569 41.1848544274927
13.8332631331271 41.2029676639277
14.1868641362135 41.2085175826907
14.1264456299219 41.2085923011905
14.1524860187124 41.2346037650094
13.8940173098835 41.2376781739636
14.059324361844 41.2449912432259
14.3056481495751 41.2654903058591
14.1843857263947 41.2670103386235
14.1444571503083 41.268777941101
14.2348314660603 41.2741428397114
13.9846870530136 41.2883576992906
14.0827314401325 41.2998618720365
14.4301878078407 41.3019897393384
14.2628060792018 41.3033265479443
14.0512184801052 41.3196426205272
14.3341339124106 41.3240860750021
14.1889493738764 41.3241108188351
13.9448160425732 41.3428023292808
14.0290132481408 41.3432327302476
14.0017367014142 41.3507585656013
14.2688534755242 41.3558155151562
14.0767611404253 41.3730731567699
14.237385274961 41.3784510799949
13.9039535304049 41.3803648768205
14.1908125853787 41.3840857139959
14.4274726167835 41.3899601710831
14.143819323198 41.4032031797152
13.9737396671868 41.4077685838844
14.2636614669563 41.4223148987359
14.2026301049607 41.4262340578076
14.126058821696 41.4469930995303
14.2926819965789 41.449348570612
14.1854869972384 41.4572772172782
13.9418955580509 41.4660488111621
13.8982463335555 41.4768025189944
14.1329973524254 41.4782418674545
14.2215675294218 41.4787410337818
14.0093890714177 41.4996401187519
14.0718306652251 41.5168669119876
14.1689511147489 41.5184260525292
13.981655804998 41.5219440353971
13.9744682090238 41.5510411801469
14.1106490974744 41.5517818743026
13.8649050064997 41.558217227817
14.0437038999812 41.5653293995156
13.9430901048494 41.5719029811993
14.1711119341658 41.5744785823845
13.8121917396234 41.5837080019009
13.3813210288568 41.5850037857135
14.1070641633118 41.591767088828
13.4958059945449 41.5935347487567
14.0455518130999 41.5985724787959
13.8543616035261 41.6067688014282
14.2159987067054 41.6075656467965
14.1438504500165 41.6144045097608
13.9473975081731 41.6198949290013
13.7907133331986 41.6212756662943
14.0578778088138 41.6293760927216
13.9068558382935 41.6532313854739
14.043481524058 41.6538738088157
13.7990554402456 41.6594558496464
14.1111647135935 41.6595346428005
14.0095013578605 41.6782398862522
13.7109332619581 41.678313735602
14.1401569079657 41.6795789815968
14.1838388305864 41.6878001407121
13.8663218704079 41.6880053299
14.2380979824081 41.6943042787945
13.6936894959718 41.6985500347288
14.0801982904936 41.7093664867518
13.7502709525901 41.7097774041287
13.8096980924937 41.7157309721523
14.0100831664286 41.7158661414168
14.1480279125166 41.7223580528026
13.7051916139234 41.7494918024365
14.0550093728963 41.7636068958888
13.978184677378 41.7677943509013
13.6595317968701 41.7699178606695
13.854662561798 41.7713933695878
13.9121137876113 41.7763785347991
14.1206153009839 41.7818425722543
13.9343109412966 41.7989471013733
13.5838953793976 41.7997321866367
14.3598735313589 41.8009835109955
14.485566660429 41.8046484099544
14.1984894187855 41.8092905698909
13.7912963794712 41.8095664819355
13.5286710684785 41.8332125440263
14.0782809489003 41.8375484038195
13.6642834859675 41.8392394056275
13.442943496181 41.8426199847789
14.5685165392141 41.843958198436
14.0438338999125 41.8629401934859
14.5361820081124 41.8659520736025
14.4435342344433 41.8715537027369
14.173395970667 41.8733303547566
13.4765288571544 41.8863460900159
14.3512687411153 41.8938087730679
13.6861436908719 41.8940380341168
14.2072796118666 41.902441794892
13.9869188781145 41.9051413899437
14.3741592081769 41.911304613505
14.3142009710939 41.9138176284461
13.7752170624364 41.9149033774819
13.7304002588699 41.9150309520812
14.0568236990179 41.9182691673472
14.532337477825 41.9202228067266
14.2336742454297 41.9254626220811
14.27174293893 41.9270680630188
13.8216307267311 41.9350751916847
14.387759598783 41.9385430933015
14.3237335739988 41.947656689687
13.6203384212853 41.9486873587754
13.5390031227836 41.9507497715904
14.2855464186197 41.9532177788103
13.477502503381 41.9547034149424
14.1293196148261 41.9585707248272
13.946904256465 41.9674383846655
14.3307356495792 41.9679677489219
14.3526062217133 41.9694300789445
14.2353603700624 41.9717856012435
13.3764283170874 41.9757289203813
13.3242319110991 41.9777547671463
14.0262505509601 41.9842000698784
14.3224935249938 41.9865825148718
13.8115666440068 41.9883823483543
13.8931285420681 41.9980047583889
14.0656867969226 41.9983670715988
14.1626715267919 41.9987014937329
14.5045163027618 41.999299761771
14.206823371156 41.9993807445392
13.7287253177452 42.0012564950489
13.603394179542 42.0068285239229
14.2675031178027 42.0200856946596
14.4235828805507 42.0293929050195
13.7708980755685 42.0340148419926
14.1461434646162 42.0356430220434
13.4461899947528 42.037133268747
13.5968448445164 42.0426769122888
14.7525657289388 42.0463281497478
14.5156571265678 42.0467316777703
14.1812595740132 42.0512333484872
14.2731066014328 42.0536820728025
14.0269791594955 42.0547837241795
13.8360700311112 42.0575777536007
13.2545072517375 42.0658561600159
14.3219024284281 42.0676224945999
13.7715166371941 42.0721072074224
13.5667536465465 42.0772985309448
14.2215252325949 42.0811857309434
14.3851137518971 42.0813172745908
14.4613279034777 42.0882544420241
14.1598985640823 42.0924206899233
13.7447631431258 42.0975938422439
13.8968303093218 42.0987678621497
13.8098757640207 42.0998773968095
14.3494779934378 42.1062599278653
14.3949180521558 42.1077501076362
13.7211569877728 42.1093681477723
13.6767945800266 42.117384165957
14.6947744929097 42.1205119126698
14.2198827958867 42.1255755152395
14.2919235237871 42.1280243769831
13.8903902764744 42.1288563039158
14.5961442497784 42.13385155562
13.807353397573 42.1348946913861
13.8583776944362 42.135697381424
14.1668608464187 42.1435219871304
13.748012830842 42.1501938077228
13.6445471790157 42.1565828739368
14.3561306950009 42.1571936404596
14.4901847211136 42.1694718475488
13.7751147629507 42.1798328259521
14.2433948115967 42.1858035257161
13.6422563113334 42.1915358263641
13.7064358131495 42.1930336920367
14.350911904326 42.19346570853
14.5464494620074 42.1973818555163
14.1694327000561 42.1996717277092
14.0223258319385 42.2042268740339
14.1321110090001 42.2043578896816
14.4000919866146 42.207202967069
14.4569237119509 42.216388873579
14.2906991406132 42.2276947036415
14.2190415454652 42.228046508339
13.4739529110484 42.2294837920077
14.4881635124757 42.2330437589577
14.2449719509277 42.2351122400319
13.7319717053803 42.237359705202
14.1738402571376 42.2499897824518
13.5824145638122 42.2501078998515
14.1337737150443 42.2543820079487
14.3009767596179 42.2567239162576
14.2111379382834 42.2621430761781
14.4616335136196 42.2625560543835
13.5357003545726 42.2654466158998
13.7923524541692 42.2727596212394
13.2772214657024 42.2854194035751
14.2561820138741 42.2863121520917
14.2949459692822 42.2893845555412
13.6496961290373 42.2898980319735
14.2319958920436 42.2916957922997
14.3336488309736 42.2928386358178
14.1184440466793 42.295385831727
14.1762699224153 42.3046487091035
14.2835086528535 42.3122809063992
13.6793966175942 42.327919915308
14.2345239753037 42.3296532510352
14.3185786314471 42.3443973899556
13.5847573639654 42.3493864579494
14.2859841062154 42.3578712148391
14.1626766512019 42.3589566090807
13.6917731381962 42.3642048422296
14.2483337262282 42.364667267058
14.2753657201729 42.412338986999
14.1855311704621 42.4125918013415
