12.9388339853728 45.9245918534002
12.5047840382456 45.9459657628821
12.6567350401717 45.9537760539186
13.4080640410288 45.9647009975234
13.1137156825381 45.9715653617836
13.285558756739 45.9819048572652
12.551161368246 45.9836274924683
13.3757609737909 45.9909110975406
13.2049027283849 45.9950315915334
13.4423967021249 45.9997064324262
12.72854422059 46.0041996145595
13.3360919358756 46.0139447657307
13.0971152201734 46.0166523118695
13.1737824299974 46.0256695655013
13.2931743557753 46.0322403528699
13.0524592532944 46.042348873281
13.3866533098234 46.0463832449677
13.1680228280859 46.0527919334545
12.9690654781888 46.0567843330281
13.2457283281774 46.0645514004145
13.5105380743852 46.0719784078645
13.3259037774242 46.08048899958
13.0099346682577 46.0813565921082
12.779055608685 46.0828949594386
13.4441392272268 46.0831398870461
13.1481942387595 46.0833176955283
13.0539487543382 46.08415551377
13.3694846170889 46.0923339945102
12.9491007202738 46.0941146842032
13.0864012413669 46.1071311403761
12.8765788795769 46.1078958182012
13.2211487946351 46.1110513046937
13.5413425819099 46.1242083869538
13.1818028650457 46.1254370926351
13.027496113225 46.1254994407981
13.138442554715 46.1275280861236
12.6502081437204 46.1317103435041
13.6022120139773 46.1326462578854
13.4987247106455 46.1373703918462
13.2906779530857 46.1405630365726
12.7212903566271 46.1435375086382
13.4180029416023 46.1458823633684
13.2473249644084 46.1492165404515
13.2084285108449 46.1592831962433
13.3722311255093 46.160422001331
13.1173420105695 46.1620349291538
13.5963979175296 46.163835875874
13.6347543815898 46.1724139624781
12.7606148983203 46.1747769542235
13.185033871418 46.1818118069865
13.5461497350718 46.1840948940812
13.4744883340559 46.1875533843802
12.622354754234 46.2097904904582
13.1110021048313 46.2148369669495
13.1792918541152 46.2208639773737
12.6887695681404 46.2259800975087
12.9899734766318 46.2306017804933
13.1455422685217 46.2395715984601
13.0670307314709 46.2439424358727
12.8996037835387 46.250687479451
13.3521478219352 46.2610264040596
13.1931608920964 46.2613694530278
12.9441603174888 46.2792559720728
12.8354293004542 46.289736894417
13.1578538730594 46.2911415290094
13.2739104067148 46.2931745635217
13.0291657513832 46.2948932148624
12.7201539814739 46.3044038971353
13.0990027949072 46.323663100585
13.1646776055778 46.3479067552874
13.0297468361519 46.3544539631241
13.2192892066126 46.3773336718756
12.7965973592311 46.3833263461603
12.6553886590526 46.3902582633552
13.1016926741499 46.39050868402
12.7500402391406 46.4188618371994
12.5625221037504 46.42252289187
13.1934337982815 46.4592410756607
12.9942989343194 46.4638918967476
12.7011719998666 46.4672098517215
13.5854558583019 46.4780273989305
13.0642381419194 46.4797015672619
12.8592987660977 46.4833167894373
12.9673480259823 46.4996972931019
13.4397283180349 46.5093882167963
12.739051665755 46.5158680689035
12.8835357732702 46.5315578224465
13.0530098626863 46.5328788253156
12.927190563823 46.5373297099011
12.9771106941381 46.5399148487282
13.1297258756869 46.5401905203687
12.8383044423526 46.5575539276332
13.0810135369846 46.5613884794805
12.9832016191863 46.5720590591762
12.7953306635846 46.599337468345
