11.1565546 44.1412025
11.153897 44.141392
11.1560718 44.1415335
11.1530467 44.1419232
11.1671005 44.1445152
11.0953818533743 44.1528898837585
11.0877439 44.1688561
11.089188 44.1691996
11.21717 44.169465
11.2144929 44.170332
11.2143066 44.1703732
11.2133671 44.177119
11.2776381 44.1800074
11.501933 44.182195
11.268572 44.182468
11.2764993 44.1825565
11.5011552 44.1826441
11.2764713 44.182836
11.2754169 44.183497
11.2774129 44.183888
11.2772 44.183993
11.277076 44.1841832
11.2773386 44.184865
11.277165 44.185023
11.224458 44.185402
11.224398 44.1854299
11.22471 44.185575
11.272382 44.18634
11.2207346 44.189994
11.1715328 44.1921786
11.209555 44.19243
11.285522 44.194533
11.3194234 44.1960772
11.2189585 44.1975332
11.2358627946204 44.198067230129
11.3028889 44.1994999
11.2613209 44.1996717
11.239365 44.200065
11.321947 44.2008623
11.3179759 44.2010303
11.258055 44.2016599
11.31532 44.20199
11.315322 44.201998
11.2605633 44.2020219
11.328628 44.202683
11.259893 44.202758
11.2598827 44.2028719
11.3147316 44.2032653
11.259607 44.203283
11.315772 44.203328
11.2618571 44.2036354
11.2042671 44.2037316
11.3134664 44.203752
11.3134186 44.2037762
11.3135807 44.2038053
11.3136581 44.2038442
11.3133726 44.2038747
11.3135 44.20393
11.313285 44.203943
11.3130495 44.2040415
11.312918 44.204201
11.313453 44.204277
11.3134258 44.204287
11.3478848 44.2053846
11.4953734796378 44.205395087031
11.326447 44.205427
11.282143 44.205725
11.2813649 44.20576
11.32588 44.2058083
11.325983 44.2058449
11.325775 44.205848
11.281398 44.205858
11.28138 44.205888
11.325918 44.20593
11.3260736 44.2059378
11.3260687 44.2059508
11.271257 44.206688
11.318737 44.20687
11.2862952 44.2070967
11.34589 44.208322
11.345893 44.208412
11.3223037 44.2084668
11.3470549 44.208503
11.2646194 44.2087421
11.3470284 44.2087886
11.347618 44.20895
11.3478559 44.2089509
11.346993 44.2096691
11.243877 44.209843
11.3252616 44.2098472
11.3192804 44.2105363
11.504978 44.210678
11.5046031 44.2109942
11.5040373 44.2117565
11.5050832 44.211822
11.323423 44.212597
11.5047228 44.2128284
11.2383294 44.2132395
11.2346545 44.2135812
11.2328687 44.2139439
11.236408 44.2139966
11.2342979 44.2141668
11.2383286 44.2143351
11.5042895 44.2145087
11.2348029 44.2145661
11.2255822 44.2145744
11.22791 44.214912
11.23434 44.21501
11.2194405 44.2150472
11.1784207 44.2150808
11.2314423 44.2152333
11.322425 44.215388
11.3479613 44.2154243
11.1792603 44.2154701
11.2321303 44.2155174
11.2299028 44.2156019
11.2334892 44.2156109
11.236258 44.215642
11.2328266 44.2156481
11.23603 44.215675
11.232763 44.215722
11.232835 44.21576
11.3200637 44.2163249
11.32094 44.216343
11.3210313352999 44.2165859584317
11.2619441 44.2166806
11.3198277 44.2167682
11.196355 44.217245
11.5033108 44.2173128
11.262075 44.217315
11.5032932 44.2173229
11.1962 44.21779
11.3181989 44.2178397
11.2385883 44.2180694
11.2384778 44.2180714
11.2381049 44.218382
11.3199592 44.2184738
11.1944844 44.2185294
11.318148 44.2188251
11.0460089 44.2189256
11.314588 44.219032
11.3186596 44.219134
11.317761 44.219156
11.3527872 44.2194496
11.352853 44.2194516
11.318837 44.2194519
11.317928 44.219465
11.3188268 44.2194994
11.3161297 44.2195257
11.317465 44.219577
11.318012 44.21958
11.318085 44.219642
11.3181619 44.219663
11.313209 44.2197229
11.313993 44.219733
11.3186002 44.2198904
11.3188329 44.2199336
11.3187046 44.2199596
11.3189692 44.2200919
11.3239003 44.2204129
11.2852886 44.2207159
11.338917 44.2207512
11.3387623 44.2208196
11.3204929 44.2209367
11.34739 44.220995
11.347635 44.221275
11.347475 44.221307
11.34742 44.221385
11.347378 44.221388
11.320035 44.2215
11.320267 44.221577
11.3206669 44.2217568
11.3221709 44.221765
11.3524156 44.2218128
11.347203 44.2220544
11.191268 44.2220961
11.1988763 44.2221722
11.347247 44.222263
11.340578 44.2225128
11.2280673 44.2227707
11.2812177 44.2232578
11.2874725 44.2236533
11.345558 44.223687
11.346548 44.223725
11.34645 44.223762
11.345702 44.2237719
11.3457519 44.22379
11.2882169 44.2238295
11.345815 44.223863
11.2845404 44.2239401
11.123495 44.224063
11.3282557 44.2241695
11.3435162 44.2242146
11.3457222 44.2242964
11.2181902 44.2245544
11.349535 44.225088
11.3496489 44.2252452
11.349517 44.22533
11.349475 44.225353
11.3499829 44.2255813
11.3497548 44.2256853
11.458618 44.225715
11.3520116 44.2258464
11.307848 44.226008
11.314366 44.2260518
11.2855046 44.226116
11.2854628 44.2261642
11.2854674 44.2262209
11.313935 44.226518
11.31399 44.2266649
11.3273129 44.2275691
11.284981 44.2285096
11.35074 44.22869
11.349675 44.2288873
11.469367 44.2302794
11.3369202 44.2303224
11.2784192 44.2304069
11.3474052 44.2307711
11.5131784 44.2313289
11.2832648 44.2326387
11.5345351 44.2335431
11.3347044 44.2341595
11.3080562 44.2348136
11.3618005 44.2352584
11.5305336 44.2358591
11.281058 44.235917
11.281087 44.2364696
11.281302 44.236542
11.281235 44.236585
11.2810614 44.2366334
11.2795235 44.2366527
11.2811188 44.2366586
11.340632 44.237232
11.4887085 44.2380366
11.4886727 44.2380868
11.2106679 44.2397139
11.2084465 44.2397923
11.2062623 44.2399623
11.3061359 44.2399687
11.2078327 44.2404228
11.206645 44.240467
11.206338 44.24051
11.206708 44.240522
11.28515 44.240707
11.2084204 44.2410835
11.209692 44.241113
11.208197 44.2416
11.207117 44.241718
11.2155664 44.2419603
11.3240591 44.2423269
11.316291 44.2426662
11.207807 44.243203
11.207822 44.2432299
11.3170513 44.2437001
11.317142 44.243932
11.3172149 44.244058
11.2080734 44.2448366
11.2070427 44.2461336
11.3340649 44.2462056
11.5385924 44.2467151
11.332537 44.2468933
11.3712205 44.2473123
11.2028108 44.2479738
11.5477063 44.2490684
11.1313203932204 44.2492426535173
11.2049253 44.2498628
11.2050944 44.2500639
11.3336597 44.2502329
11.5487597 44.2505374
11.333138 44.2508088
11.3088256 44.2515033
11.3386283 44.251752
11.5442418345074 44.2517526652786
11.5481377 44.2522095
11.3591215 44.2534403
11.2716466 44.2537862
11.5584431 44.253859
11.272475 44.253943
11.272638 44.254057
11.273687 44.254715
11.273597 44.254992
11.273572 44.2551
11.150443 44.2555162
11.274437 44.255702
11.274937 44.255823
11.2739902 44.2558642
11.5548562 44.2559106
11.612956 44.2562423
11.5553578 44.256247
11.1517 44.25652
11.23616 44.2565778
11.5561303 44.2570556
11.151848 44.257106
11.557582 44.2571749
11.5567204 44.2571994
11.5567674 44.2572423
11.558048 44.257383
11.5577419 44.2574019
11.5572764 44.2574938
11.5586395 44.2576028
11.5579038 44.2576217
11.5579658 44.257905
11.558865 44.257958
11.5580395 44.2580057
11.5578565 44.2580508
11.5565366 44.2581579
11.4837199 44.25825
11.5585902 44.2584377
11.1528882 44.2585032
11.5596851 44.2585827
11.5606069 44.2590322
11.5590231 44.2590773
11.482303 44.259215
11.5598811 44.2596401
11.483141 44.2600018
11.48315 44.260167
11.4813397 44.2602111
11.4835622 44.2602851
11.559587 44.26033
11.48355 44.260405
11.4836701 44.2605838
11.3667035 44.2605853
11.5626842 44.2605885
11.482225 44.260612
11.3666142 44.2606322
11.3666168 44.2606327
11.366624 44.2606346
11.3666263 44.2606355
11.3666321 44.2606379
11.3666333 44.2606384
11.3666368 44.2606398
11.3666391 44.2606408
11.3666415 44.2606417
11.3666461 44.2606437
11.3666515 44.2606459
11.3240754 44.2606553
11.33196 44.260718
11.4798159 44.260733
11.4820779 44.2607388
11.4811114 44.2607809
11.4799034 44.2607817
11.3671427 44.2608128
11.4829733 44.2608666
11.5593185 44.260996
11.330518 44.261183
11.324403 44.2615
11.32853 44.261505
11.2052766 44.2615194
11.4834008 44.2615806
11.4787229 44.2616121
11.325266 44.2616368
11.2396571 44.2616714
11.3230685 44.2620357
11.563817 44.262163
11.367665 44.262507
11.328693 44.2626258
11.3286852 44.2626267
11.3284653 44.2626403
11.3275132 44.2629548
11.3258185 44.2630022
11.323441 44.2631639
11.4841082 44.2632859
11.3624379 44.2640864
11.3248929 44.2647938
11.568617 44.2650296
11.2053209 44.2650571
11.5699779 44.2652716
11.324792 44.265368
11.3229812 44.2659329
11.4877559 44.2661046
11.32234 44.266138
11.3248619 44.2661733
11.3269084 44.2663598
11.553152 44.2663727
11.5810841 44.2666523
11.3272987 44.2667773
11.3268834 44.2669995
11.3248853 44.2672388
11.3248901 44.2672653
11.3236201 44.2673795
11.323888 44.267432
11.325673 44.26752
11.5549896 44.2675276
11.3273098 44.2675841
11.326273 44.267685
11.3222499 44.2683632
11.3232194 44.2683856
11.2640217 44.2691945
11.322669 44.2692545
11.32194 44.269342
11.322858 44.269535
11.3223286 44.2695635
11.321522 44.26957
11.3223032 44.2698103
11.32243 44.269838
11.3223617 44.2699072
11.1981393 44.2699395
11.1980908 44.2699834
11.1979407 44.270116
11.1979396 44.2701172
11.1979375 44.2701196
11.330223 44.270703
11.3300559 44.2707153
11.3210219 44.270733
11.330128 44.270795
11.3572372 44.2707996
11.3151666 44.2708527
11.320422 44.271158
11.3193963 44.2711895
11.3198584 44.2714474
11.3517598 44.2717686
11.5875504 44.2717737
11.3194849 44.2718241
11.5384636 44.2719211
11.3175532 44.2719327
11.3191772 44.2720543
11.6032248 44.2721126
11.6106208276243 44.2723224542608
11.6031054 44.2723624
11.6039793 44.272812
11.58629 44.27317
11.3874929 44.273258
11.6024205 44.273382
11.3542937 44.2736291
11.2596414 44.2741093
11.58787 44.27424
11.2302534 44.274288
11.3159569 44.274365
11.305705 44.27471
11.305702 44.274715
11.29533 44.27479
11.268527 44.275128
11.587476 44.2755328
11.587978 44.275582
11.2715175 44.2757518
11.2233359 44.2758155
11.2665487 44.2760667
11.5880959 44.2760748
11.5894457 44.2761668
11.5933271 44.2761853
11.271682 44.27626
11.5899862 44.2764674
11.5922457 44.2764759
11.2715145 44.2765299
11.268317 44.276535
11.2004465 44.2765497
11.268245 44.2765569
11.2710324 44.2765979
11.588811 44.2766514
11.5867343 44.2768076
11.589102 44.276927
11.2701527 44.2770272
11.5923018 44.2770454
11.2002488 44.2772088
11.589257 44.277245
11.5865451 44.2773266
11.589863 44.2774069
11.2004888 44.2775015
11.264564 44.277615
11.269068 44.2776349
11.5911706 44.2777957
11.5901382 44.2780545
11.270373 44.278362
11.2705823 44.2785393
11.5881205 44.2790131
11.266883 44.279895
11.5881951 44.2801082
11.5169866 44.2801202
11.2640619 44.28034
11.271467 44.280522
11.5898075 44.2810081
11.5963381 44.2815961
11.3268361658738 44.2816689060928
11.332882 44.2822419
11.3317788 44.2826421
11.2510599617039 44.2830557716351
11.3878893 44.2832573
11.3265816 44.2835828
11.3274643 44.2838696
11.3282765 44.2840473
11.3283121 44.2840548
11.1131851 44.2840716
11.1131955 44.2843497
11.3410068 44.2846618
11.3295862 44.28479
11.38508 44.286428
11.385122 44.286458
11.384952 44.286542
11.3851303 44.2866903
11.334088 44.287947
11.333546 44.288919
11.2767448 44.2903683
11.2767402 44.2903719
11.3223262 44.2911852
11.6120435 44.2918193
11.6401763 44.2920102
11.3355717 44.2921788
11.279778 44.293928
11.6425208 44.2940416
11.2335685 44.2947607
11.6522947 44.2949449
11.5372902058451 44.2958415336512
11.3501619 44.296505
11.341015 44.296658
11.6154111 44.2969199
11.6266099 44.2970547
11.35014 44.297055
11.6158435 44.2970817
11.6159834 44.2975759
11.6286652 44.2979618
11.6217475 44.297969
11.3431568 44.2981415
11.6183549 44.2981789
11.3478966 44.2984959
11.2980895 44.2986937
11.3489187 44.2987967
11.3487496 44.2988436
11.6154846 44.2990058
11.6214225 44.29966
11.3979225 44.2997892
11.61517 44.30001
11.6147731 44.3004701
11.3218599 44.301393
11.6178215 44.302894
11.399125 44.304378
11.3990408 44.3046666
11.313448 44.304725
11.3128008 44.3050653
11.312408 44.305732
11.59546 44.3058823
11.324768 44.306057
11.5929465 44.3069166
11.3181049 44.306945
11.3268131 44.3072097
11.325488 44.307223
11.317337 44.307275
11.326217 44.307448
11.303132 44.307577
11.3030449 44.3077587
11.32772 44.308202
11.317973 44.30828
11.3041443 44.3084721
11.31789 44.30886
11.312337 44.309645
11.326807 44.310008
11.5679869 44.3110274
11.5822714 44.3132258
11.257647 44.314376
11.253344 44.314706
11.256152 44.3156
11.256776 44.3159078
11.5702783 44.3162393
11.256229 44.317336
11.258517 44.318453
11.2585979 44.3184619
11.258455 44.318847
11.4032199 44.322468
11.3325161 44.3241248
11.4039088 44.3259758
11.4038985 44.3260377
11.4040366 44.3262263
11.4012882 44.3265701
11.4050575 44.3280561
11.562357 44.3283448
11.3219372 44.3305201
11.56258 44.33629
11.37695 44.33761
11.2044913 44.3406496
11.5610654 44.3416847
11.5044398 44.3498936
11.4094463 44.3503215
11.5591696 44.351541
11.4105044 44.3530422
11.5601852 44.353772
11.190783 44.359767
11.190185 44.359899
11.4416433 44.3648098
11.3227206 44.3709212
11.5512798 44.3751782
11.5512574 44.375231
11.1728398 44.3756835
11.3574144173222 44.3762227693094
11.5656159 44.3778389
11.5995654 44.3805141
11.5883204 44.3886451
11.5672475 44.3890694
11.5268097 44.3897503
11.431255 44.390333
11.3412262 44.3910429
11.5763658 44.3910894
11.6162632 44.3914243
11.3162238 44.3929433
11.5858005 44.393085
11.5837221 44.3959476
11.5477051027445 44.3962568643056
11.5814712 44.3973037
11.5804479 44.3973948
11.579518 44.397957
11.590107 44.398337
11.591412 44.398646
11.5874611 44.3987914
11.581545 44.398838
11.595068 44.3991231
11.583657 44.399582
11.5891279 44.3996931
11.5911049 44.3998318
11.57625 44.401213
11.5010351 44.4012882
11.5872077 44.4016801
11.6020127 44.4040095
11.5197005 44.4072887
11.5255699 44.4261211
11.5234347 44.4269341
11.5147405 44.4271154
11.4692771 44.4290261
11.5180549 44.4302252
11.504363 44.4640429
11.4265768 44.4975085
11.5252509 44.5259102
11.5038522 44.5379094
11.48987 44.55805
11.5466986491886 44.5630295240612
